Time, Acc, GYR, Mag
0.490046	-1120 	 1423 	 15813	110 	 9 	 -837	-677 	 382 	 671
0.500028	-1030 	 1436 	 15880	15 	 -84 	 -762	-678 	 376 	 672
0.509758	-1119 	 1314 	 15534	-60 	 -3 	 -817	-677 	 378 	 674
0.519486	-1122 	 1467 	 16102	93 	 -4 	 -807	-677 	 378 	 680
0.529478	-1180 	 1397 	 15526	2 	 -56 	 -768	-676 	 377 	 680
0.539293	-1212 	 1369 	 15723	21 	 0 	 -793	-677 	 373 	 671
0.549053	-1177 	 1499 	 16188	33 	 -26 	 -808	-677 	 380 	 679
0.558835	-1140 	 1374 	 15608	33 	 -96 	 -783	-677 	 380 	 676
0.568552	-1118 	 1343 	 15823	59 	 -19 	 -809	-677 	 380 	 666
0.578315	-1201 	 1489 	 16031	112 	 -50 	 -801	-677 	 370 	 670
0.588076	-1151 	 1351 	 15512	-26 	 -76 	 -825	-679 	 370 	 670
0.597744	-1160 	 1392 	 15974	25 	 -1 	 -858	-677 	 374 	 666
0.607463	-1143 	 1425 	 15917	5 	 -58 	 -804	-681 	 376 	 672
0.617154	-1143 	 1368 	 15677	35 	 -8 	 -781	-677 	 378 	 673
0.626819	-1195 	 1471 	 15784	69 	 4 	 -801	-678 	 378 	 671
0.636422	-1156 	 1420 	 15829	4 	 -100 	 -789	-678 	 374 	 671
0.646219	-1162 	 1401 	 15616	49 	 -1 	 -825	-677 	 374 	 671
0.655957	-1170 	 1437 	 15740	-2 	 -4 	 -791	-678 	 376 	 669
0.665607	-1136 	 1392 	 15459	-10 	 -63 	 -793	-680 	 379 	 673
0.675337	-1219 	 1390 	 15624	50 	 -24 	 -794	-677 	 381 	 670
0.685107	-1201 	 1355 	 15712	38 	 -65 	 -810	-677 	 375 	 671
0.694884	-1187 	 1383 	 15551	19 	 -68 	 -800	-677 	 376 	 685
0.704565	-1196 	 1443 	 15781	70 	 -12 	 -844	-678 	 376 	 671
0.714266	-1036 	 1390 	 15558	21 	 -51 	 -801	-681 	 376 	 671
0.724004	-1251 	 1377 	 15795	30 	 -62 	 -824	-680 	 379 	 683
0.733567	-1196 	 1404 	 15689	-13 	 -75 	 -814	-680 	 376 	 665
0.743257	-1189 	 1379 	 15690	235 	 -73 	 -791	-678 	 375 	 677
0.75297	-1234 	 1414 	 16000	29 	 -27 	 -860	-676 	 377 	 672
0.762912	-1250 	 1497 	 15673	10 	 -74 	 -761	-676 	 377 	 680
0.772687	-1157 	 1314 	 15590	-25 	 -71 	 -801	-674 	 377 	 680
0.78243	-1196 	 1436 	 16100	118 	 12 	 -809	-678 	 379 	 677
0.792172	-1154 	 1414 	 15754	-17 	 -106 	 -769	-678 	 377 	 672
0.801859	-1114 	 1372 	 15676	60 	 -41 	 -817	-678 	 379 	 672
0.811586	-1132 	 1449 	 15877	16 	 1 	 -809	-679 	 378 	 669
0.823068	-1162 	 1368 	 15257	-12 	 -93 	 -821	-676 	 377 	 674
0.832902	-1160 	 1409 	 15867	83 	 18 	 -793	-676 	 377 	 672
0.842643	-1103 	 1419 	 15764	-43 	 -121 	 -793	-677 	 378 	 672
0.852301	-1168 	 1321 	 15636	17 	 -99 	 -768	-678 	 380 	 675
0.862099	-1190 	 1436 	 15885	11 	 -62 	 -797	-676 	 377 	 674
0.87191	-1225 	 1385 	 15594	-28 	 -96 	 -789	-677 	 376 	 671
0.881596	-1175 	 1384 	 15825	22 	 -12 	 -805	-678 	 382 	 680
0.890827	-1199 	 1437 	 15828	29 	 -69 	 -801	-678 	 376 	 681
0.89912	-1201 	 1360 	 15534	-6 	 -58 	 -827	-677 	 376 	 681
0.907457	-1155 	 1410 	 15980	78 	 -6 	 -835	-679 	 376 	 672
0.915796	-1186 	 1449 	 15876	23 	 -11 	 -816	-680 	 375 	 675
0.924061	-1128 	 1374 	 15604	238 	 -24 	 -818	-677 	 379 	 674
0.9324	-1108 	 1386 	 15702	59 	 8 	 -812	-677 	 379 	 674
0.94072	-1175 	 1456 	 15782	43 	 -29 	 -810	-675 	 375 	 676
0.949118	-1133 	 1367 	 15629	22 	 -60 	 -796	-678 	 379 	 668
0.957463	-1191 	 1426 	 15817	102 	 18 	 -810	-676 	 379 	 678
0.965799	-1103 	 1442 	 15833	20 	 -14 	 -827	-676 	 379 	 677
0.974127	-1150 	 1380 	 15581	-2 	 -50 	 -822	-676 	 379 	 677
0.982364	-1228 	 1409 	 15657	45 	 22 	 -826	-677 	 375 	 671
0.990929	-1117 	 1414 	 15882	31 	 -12 	 -807	-678 	 375 	 668
0.999251	-1178 	 1372 	 15643	33 	 -33 	 -833	-678 	 379 	 668
1.007551	-1141 	 1425 	 15795	79 	 -4 	 -837	-679 	 379 	 668
1.015754	-1163 	 1448 	 15662	28 	 -63 	 -761	-678 	 378 	 670
1.024059	-1128 	 1373 	 15541	64 	 -34 	 -824	-680 	 379 	 672
1.032389	-1175 	 1405 	 15708	28 	 28 	 -809	-679 	 377 	 667
1.040712	-1154 	 1414 	 15790	64 	 8 	 -831	-679 	 377 	 667
1.049004	-1131 	 1411 	 15649	-8 	 -23 	 -815	-676 	 372 	 670
1.057263	-1115 	 1406 	 15839	41 	 -27 	 -795	-676 	 376 	 668
1.065579	-1215 	 1362 	 15748	-13 	 -79 	 -787	-680 	 382 	 681
1.073911	-1168 	 1384 	 15689	46 	 -22 	 -769	-680 	 382 	 671
1.082259	-1207 	 1434 	 15799	28 	 -39 	 -534	-680 	 378 	 671
1.091001	-1248 	 1416 	 15683	13 	 -40 	 -779	-677 	 375 	 671
1.099379	-1167 	 1363 	 15540	-14 	 -36 	 -822	-677 	 377 	 669
1.107722	-1153 	 1423 	 15558	8 	 -25 	 -787	-677 	 378 	 674
1.116034	-1124 	 1404 	 15711	6 	 -57 	 -806	-677 	 378 	 674
1.12436	-1096 	 1363 	 15747	25 	 -18 	 -817	-679 	 382 	 670
1.132618	-1182 	 1449 	 15695	26 	 -62 	 -802	-677 	 377 	 670
1.140882	-1171 	 1391 	 15683	24 	 -32 	 -835	-675 	 376 	 673
1.149186	-1212 	 1367 	 15708	52 	 -4 	 -803	-675 	 376 	 666
1.157761	-1183 	 1393 	 15714	0 	 -49 	 -827	-678 	 375 	 666
1.166147	-1269 	 1438 	 15697	-13 	 -99 	 -800	-678 	 377 	 669
1.174381	-1204 	 1384 	 15607	22 	 -68 	 -797	-678 	 379 	 668
1.182626	-1191 	 1412 	 15838	32 	 -44 	 -787	-678 	 378 	 676
1.19091	-1184 	 1416 	 15662	36 	 -22 	 -791	-676 	 378 	 676
1.199295	-1141 	 1415 	 15861	37 	 -64 	 -808	-673 	 375 	 674
1.207718	-1125 	 1404 	 15781	5 	 -92 	 -834	-676 	 376 	 677
1.216029	-1116 	 1407 	 15778	30 	 -35 	 -782	-677 	 376 	 676
1.224359	-1165 	 1426 	 15683	9 	 -48 	 -800	-677 	 376 	 676
1.232612	-1281 	 1386 	 15699	15 	 -39 	 -811	-677 	 376 	 677
1.240953	-1116 	 1371 	 15744	9 	 -68 	 -816	-676 	 373 	 667
1.249263	-1175 	 1423 	 15858	57 	 -41 	 -814	-679 	 375 	 669
1.257592	-1118 	 1398 	 15717	19 	 -32 	 -831	-679 	 375 	 671
1.266187	-1125 	 1411 	 15855	46 	 -35 	 -799	-677 	 379 	 671
1.274387	-1198 	 1426 	 15694	30 	 -27 	 -782	-677 	 374 	 668
1.282621	-1130 	 1368 	 15720	-12 	 -64 	 -818	-679 	 377 	 675
1.290933	-1155 	 1405 	 15755	60 	 -7 	 -774	-679 	 378 	 675
1.299307	-1148 	 1379 	 15765	12 	 -11 	 -813	-676 	 378 	 675
1.307596	-1194 	 1410 	 15852	61 	 5 	 -826	-680 	 374 	 667
1.315962	-1140 	 1435 	 15677	16 	 -52 	 -836	-678 	 382 	 673
1.324285	-1117 	 1355 	 15731	30 	 -37 	 -838	-678 	 380 	 670
1.332537	-1112 	 1386 	 15665	75 	 -9 	 -815	-678 	 380 	 674
1.340892	-1120 	 1444 	 15658	-214 	 -55 	 -811	-680 	 370 	 674
1.34921	-1161 	 1417 	 15749	7 	 -38 	 -805	-675 	 374 	 670
1.357372	-1197 	 1395 	 15658	17 	 -30 	 -814	-677 	 378 	 671
1.365618	-1178 	 1424 	 15702	32 	 -17 	 -812	-677 	 378 	 667
1.374187	-1189 	 1392 	 15754	9 	 -59 	 -831	-680 	 378 	 667
1.382491	-1145 	 1433 	 15872	10 	 -32 	 -842	-676 	 375 	 677
1.390856	-1220 	 1434 	 15699	25 	 -27 	 -848	-675 	 376 	 678
1.399241	-1127 	 1367 	 15669	43 	 -18 	 -814	-679 	 373 	 669
1.407467	-1140 	 1389 	 15809	63 	 16 	 -839	-679 	 373 	 669
1.4158	-1169 	 1373 	 15649	23 	 -52 	 -802	-677 	 380 	 668
1.424111	-1174 	 1408 	 15683	68 	 -43 	 -779	-679 	 380 	 672
1.432497	-1195 	 1438 	 15765	20 	 -30 	 -755	-676 	 379 	 656
1.442243	-1167 	 1430 	 15669	1 	 -9 	 -806	-676 	 374 	 677
1.451917	-1261 	 1399 	 15732	51 	 1 	 -821	-677 	 374 	 677
1.461681	-1088 	 1418 	 15822	6 	 -6 	 -805	-679 	 375 	 672
1.471469	-1157 	 1395 	 15699	30 	 -25 	 -825	-677 	 383 	 669
1.481358	-1141 	 1427 	 15929	22 	 -12 	 -821	-681 	 377 	 662
1.491033	-1174 	 1414 	 15834	40 	 -37 	 -836	-678 	 378 	 666
1.500758	-1164 	 1424 	 15803	66 	 -30 	 -773	-678 	 373 	 672
1.510535	-1124 	 1403 	 15704	23 	 -21 	 -847	-676 	 373 	 678
1.520252	-1178 	 1423 	 15802	-45 	 -54 	 -817	-679 	 380 	 678
1.529941	-1112 	 1375 	 15723	26 	 -31 	 -815	-678 	 378 	 679
1.539725	-1173 	 1447 	 15926	24 	 -27 	 -858	-675 	 373 	 673
1.549384	-1131 	 1421 	 15756	206 	 -40 	 -789	-677 	 375 	 667
1.559135	-1118 	 1419 	 15793	36 	 -28 	 -799	-680 	 379 	 672
1.568912	-1186 	 1402 	 15726	26 	 -51 	 -811	-680 	 379 	 676
1.578596	-1154 	 1408 	 15805	-11 	 -53 	 -818	-676 	 379 	 676
1.588183	-1150 	 1429 	 15715	8 	 -4 	 -817	-679 	 375 	 668
1.598028	-1211 	 1454 	 15864	-14 	 -88 	 -771	-675 	 376 	 672
1.607753	-1142 	 1425 	 15871	46 	 -50 	 -789	-675 	 372 	 663
1.617446	-1206 	 1421 	 15906	8 	 -97 	 -813	-678 	 377 	 674
1.627243	-1141 	 1430 	 15791	18 	 -73 	 -831	-678 	 377 	 673
1.637176	-1215 	 1400 	 15897	52 	 -27 	 -795	-680 	 377 	 673
1.646928	-1082 	 1410 	 15767	45 	 -51 	 -798	-675 	 376 	 668
1.656864	-1164 	 1375 	 15698	21 	 -45 	 -795	-677 	 375 	 666
1.666609	-1239 	 1449 	 15750	2 	 -48 	 -820	-677 	 381 	 675
1.676589	-1169 	 1391 	 15751	11 	 -39 	 -812	-678 	 377 	 684
1.686236	-1149 	 1429 	 15773	8 	 -37 	 -837	-678 	 378 	 666
1.695893	-1156 	 1406 	 15786	-2 	 -27 	 -825	-679 	 378 	 666
1.705665	-1225 	 1405 	 15765	70 	 -24 	 -822	-678 	 375 	 674
1.715551	-1287 	 1412 	 15837	62 	 -42 	 -806	-681 	 377 	 671
1.725357	-1231 	 1396 	 15583	52 	 -56 	 -830	-679 	 378 	 671
1.735042	-1160 	 1401 	 15766	-9 	 -63 	 -792	-675 	 375 	 672
1.744709	-1108 	 1405 	 15693	31 	 0 	 -822	-675 	 383 	 672
1.754433	-1161 	 1401 	 15785	11 	 -5 	 -854	-675 	 383 	 666
1.764171	-1193 	 1397 	 15784	233 	 -63 	 -788	-678 	 380 	 666
1.774089	-1116 	 1394 	 15797	42 	 15 	 -786	-677 	 377 	 667
1.783763	-1158 	 1413 	 15771	13 	 -45 	 -828	-679 	 378 	 677
1.793591	-1195 	 1422 	 15734	-9 	 -47 	 -837	-681 	 374 	 673
1.803365	-1130 	 1397 	 15871	-10 	 -61 	 -842	-675 	 374 	 671
1.813125	-1181 	 1420 	 15725	35 	 -63 	 -792	-675 	 374 	 673
1.822765	-1129 	 1421 	 15683	11 	 -9 	 -773	-681 	 375 	 673
1.832662	-1229 	 1435 	 15655	-1 	 -58 	 -823	-679 	 379 	 675
1.842404	-1204 	 1412 	 15753	29 	 -13 	 -804	-679 	 381 	 665
1.852111	-1139 	 1418 	 15719	53 	 -44 	 -793	-675 	 379 	 681
1.861764	-1150 	 1401 	 15644	1 	 -70 	 -815	-676 	 375 	 663
1.871486	-1140 	 1436 	 15765	48 	 -41 	 -823	-676 	 375 	 671
1.881246	-1211 	 1395 	 15690	-221 	 -61 	 -784	-678 	 375 	 671
1.891146	-1145 	 1407 	 15680	27 	 1 	 -785	-679 	 377 	 675
1.900903	-1085 	 1431 	 15948	-1 	 -58 	 -840	-676 	 378 	 674
1.910557	-1242 	 1446 	 15716	6 	 204 	 -831	-676 	 378 	 669
1.920695	-1153 	 1416 	 15667	42 	 8 	 -873	-679 	 373 	 676
1.930552	-1186 	 1388 	 15728	47 	 -57 	 -787	-677 	 372 	 674
1.940298	-1212 	 1420 	 15624	62 	 -19 	 -826	-677 	 372 	 668
1.950246	-1175 	 1402 	 15756	26 	 -36 	 -797	-679 	 380 	 668
1.960003	-1157 	 1393 	 15638	14 	 -28 	 -789	-680 	 375 	 675
1.96975	-1107 	 1365 	 15730	65 	 -1 	 -849	-677 	 376 	 673
1.979352	-1171 	 1425 	 15828	52 	 -65 	 -759	-677 	 374 	 675
1.989041	-1185 	 1360 	 15821	52 	 -45 	 -788	-680 	 376 	 670
1.998563	-1106 	 1443 	 15816	-25 	 -52 	 -806	-680 	 376 	 693
2.008364	-1127 	 1420 	 15723	-7 	 -112 	 -807	-680 	 378 	 693
2.01795	-1223 	 1386 	 15872	18 	 -46 	 -781	-677 	 381 	 668
2.026265	-1162 	 1396 	 15691	23 	 -27 	 -816	-679 	 379 	 672
2.034571	-1166 	 1380 	 15744	-37 	 -25 	 -818	-679 	 378 	 674
2.042831	-1108 	 1377 	 15750	1 	 -26 	 -793	-679 	 378 	 673
2.051169	-1155 	 1422 	 15786	48 	 -11 	 -828	-681 	 378 	 673
2.059489	-1129 	 1357 	 15820	-35 	 -74 	 -812	-680 	 376 	 664
2.06791	-1230 	 1443 	 15854	55 	 6 	 -856	-677 	 373 	 673
2.07618	-1183 	 1419 	 15581	-10 	 -29 	 -850	-677 	 377 	 675
2.084506	-1144 	 1369 	 15723	29 	 -53 	 -762	-677 	 377 	 675
2.092847	-1164 	 1397 	 15768	16 	 -45 	 -765	-684 	 385 	 667
2.101154	-1161 	 1435 	 15865	-1 	 -71 	 -784	-677 	 378 	 671
2.109444	-1155 	 1390 	 15794	-8 	 -81 	 -786	-681 	 378 	 680
2.117824	-1135 	 1400 	 15805	2 	 -73 	 -810	-681 	 378 	 668
2.126109	-1206 	 1410 	 15766	7 	 -58 	 -822	-677 	 376 	 668
2.134432	-1179 	 1382 	 15644	-8 	 -35 	 -810	-680 	 378 	 672
2.142811	-1099 	 1387 	 15857	-1 	 -29 	 -778	-678 	 375 	 661
2.151089	-1170 	 1411 	 15683	8 	 -33 	 -801	-678 	 378 	 672
2.159354	-1169 	 1398 	 15706	45 	 -31 	 -802	-678 	 378 	 672
2.167683	-1131 	 1418 	 15747	-4 	 -29 	 -783	-673 	 382 	 667
2.176198	-1077 	 1392 	 15829	-4 	 -86 	 -806	-676 	 374 	 673
2.184537	-1153 	 1382 	 15766	12 	 -23 	 -813	-675 	 378 	 669
2.192727	-1162 	 1415 	 15820	29 	 -35 	 -814	-675 	 378 	 669
2.201171	-1138 	 1396 	 15737	14 	 -74 	 -765	-676 	 380 	 667
2.209496	-1128 	 1420 	 15748	-217 	 -93 	 -809	-676 	 381 	 673
2.217743	-1194 	 1395 	 15771	7 	 -26 	 -798	-677 	 379 	 665
2.226336	-1088 	 1372 	 15717	6 	 -9 	 -821	-677 	 379 	 672
2.234588	-1240 	 1399 	 15811	28 	 21 	 -794	-679 	 372 	 672
2.242885	-1142 	 1425 	 15724	71 	 -15 	 -832	-677 	 377 	 676
2.251125	-1177 	 1390 	 15781	-22 	 -62 	 -820	-677 	 377 	 671
2.259425	-1196 	 1402 	 15714	13 	 -27 	 -784	-677 	 375 	 677
2.267972	-1180 	 1414 	 15675	-14 	 -71 	 -809	-675 	 375 	 677
2.276238	-1197 	 1420 	 15657	68 	 -11 	 -817	-677 	 377 	 672
2.284857	-1236 	 1424 	 15775	6 	 -18 	 -789	-678 	 374 	 671
2.29305	-1206 	 1399 	 15721	-10 	 -25 	 -806	-681 	 377 	 676
2.301386	-1178 	 1390 	 15680	20 	 -59 	 -833	-681 	 377 	 673
2.309696	-1129 	 1453 	 15770	25 	 -46 	 -838	-675 	 380 	 673
2.318017	-1132 	 1419 	 15821	24 	 -69 	 -806	-679 	 378 	 673
2.326338	-1078 	 1419 	 15877	83 	 -32 	 -836	-677 	 378 	 676
2.334663	-1191 	 1443 	 15657	35 	 -68 	 -785	-677 	 380 	 672
2.342941	-1144 	 1397 	 15723	27 	 -55 	 -776	-678 	 380 	 672
2.351244	-1141 	 1370 	 15702	35 	 -38 	 -812	-680 	 377 	 678
2.359618	-1097 	 1398 	 15772	6 	 -21 	 -817	-677 	 378 	 668
2.367881	-1140 	 1398 	 15645	-4 	 -61 	 -788	-678 	 376 	 671
2.376123	-1185 	 1380 	 15713	39 	 -31 	 -812	-678 	 376 	 671
2.384405	-1198 	 1429 	 15852	-32 	 -105 	 -830	-678 	 380 	 670
2.39281	-1153 	 1399 	 15685	-12 	 -41 	 -811	-678 	 377 	 670
2.401125	-1204 	 1400 	 15743	35 	 -27 	 -806	-677 	 381 	 667
2.409387	-1178 	 1368 	 15711	48 	 -22 	 -776	-677 	 381 	 673
2.417695	-1177 	 1415 	 15678	52 	 -4 	 -826	-675 	 375 	 673
2.425976	-1136 	 1399 	 15769	43 	 -26 	 -840	-677 	 373 	 669
2.4343	-1141 	 1415 	 15808	2 	 -55 	 -788	-679 	 377 	 671
2.44287	-1182 	 1415 	 15649	28 	 -20 	 -824	-679 	 379 	 659
2.451234	-1133 	 1420 	 15909	18 	 6 	 -853	-680 	 379 	 659
2.459605	-1090 	 1390 	 15596	28 	 -21 	 -796	-678 	 383 	 677
2.467898	-1191 	 1410 	 15752	48 	 -6 	 -823	-678 	 377 	 678
2.476208	-1185 	 1411 	 15780	82 	 15 	 -795	-676 	 376 	 668
2.484438	-1122 	 1399 	 15621	-53 	 -133 	 -773	-676 	 376 	 668
2.492768	-1171 	 1394 	 15628	41 	 -61 	 -797	-679 	 380 	 667
2.501355	-1204 	 1415 	 15841	46 	 -27 	 -842	-678 	 378 	 672
2.509603	-1094 	 1411 	 15793	-36 	 -66 	 -815	-675 	 375 	 668
2.517904	-1164 	 1401 	 15782	225 	 -61 	 -825	-675 	 372 	 672
2.526142	-1191 	 1406 	 15810	8 	 -11 	 -835	-675 	 372 	 672
2.534485	-1163 	 1377 	 15523	-4 	 -67 	 -808	-673 	 377 	 670
2.542802	-1182 	 1394 	 15741	81 	 -47 	 -789	-677 	 377 	 668
2.551234	-1222 	 1453 	 15652	6 	 -19 	 -785	-677 	 374 	 672
2.559602	-1178 	 1395 	 15668	5 	 -18 	 -851	-679 	 374 	 672
2.569019	-1147 	 1447 	 15812	32 	 14 	 -827	-677 	 380 	 673
2.578774	-1224 	 1394 	 15618	-4 	 -71 	 -857	-677 	 375 	 671
2.588552	-1186 	 1386 	 15641	-253 	 -51 	 -844	-678 	 379 	 674
2.598201	-1179 	 1442 	 15871	-31 	 -102 	 -813	-678 	 377 	 677
2.607932	-1191 	 1432 	 15810	-1 	 -42 	 -820	-678 	 375 	 663
2.617911	-1168 	 1393 	 15690	-27 	 -14 	 -821	-678 	 375 	 663
2.627647	-1112 	 1424 	 15713	-17 	 -42 	 -792	-677 	 374 	 674
2.63736	-1177 	 1411 	 15711	42 	 -12 	 -838	-678 	 379 	 666
2.64699	-1178 	 1390 	 15796	70 	 1 	 -857	-679 	 378 	 670
2.656618	-1198 	 1408 	 15810	27 	 -11 	 -815	-679 	 376 	 680
2.666425	-1182 	 1404 	 15655	-7 	 -89 	 -774	-679 	 375 	 674
2.676377	-1193 	 1424 	 15777	24 	 -46 	 -880	-675 	 375 	 675
2.686107	-1145 	 1399 	 15794	12 	 -60 	 -771	-678 	 376 	 675
2.695732	-1169 	 1379 	 15687	46 	 15 	 -820	-678 	 380 	 682
2.70552	-1182 	 1409 	 15667	-199 	 -65 	 -823	-681 	 375 	 676
2.715257	-1160 	 1378 	 15716	-33 	 -21 	 -829	-678 	 375 	 674
2.724922	-1200 	 1387 	 15754	7 	 2 	 -787	-678 	 377 	 671
2.734654	-1177 	 1444 	 15722	29 	 5 	 -792	-678 	 377 	 670
2.744422	-1132 	 1400 	 15656	-1 	 -29 	 -840	-676 	 377 	 670
2.754184	-1194 	 1405 	 15663	15 	 -75 	 -790	-679 	 377 	 670
2.763876	-1171 	 1415 	 15734	9 	 -77 	 -850	-678 	 379 	 678
2.773619	-1174 	 1409 	 15732	3 	 -1 	 -814	-682 	 374 	 670
2.78341	-1170 	 1428 	 15790	18 	 -35 	 -829	-678 	 376 	 673
2.793059	-1164 	 1373 	 15673	27 	 -76 	 -832	-678 	 376 	 668
2.802791	-1158 	 1413 	 15773	-14 	 -73 	 -791	-675 	 375 	 668
2.81253	-1172 	 1428 	 15619	14 	 -38 	 -801	-679 	 381 	 681
2.822278	-1180 	 1420 	 15695	2 	 -7 	 -827	-678 	 379 	 678
2.832081	-1151 	 1446 	 15742	86 	 28 	 -809	-677 	 380 	 669
2.841654	-1144 	 1418 	 15718	11 	 -51 	 -811	-678 	 375 	 680
2.851664	-1164 	 1390 	 15751	25 	 -27 	 -820	-678 	 380 	 674
2.86143	-1176 	 1404 	 15776	-23 	 -79 	 -803	-678 	 380 	 674
2.871215	-1132 	 1432 	 15712	0 	 7 	 -805	-679 	 377 	 670
2.880986	-1181 	 1402 	 15789	0 	 -55 	 -795	-676 	 379 	 669
2.890651	-1168 	 1415 	 15675	1 	 -32 	 -808	-676 	 378 	 683
2.900403	-1156 	 1426 	 15673	9 	 -41 	 -826	-677 	 377 	 673
2.910226	-1184 	 1419 	 15765	11 	 -24 	 -821	-677 	 382 	 671
2.920049	-1194 	 1404 	 15732	56 	 -35 	 -821	-679 	 382 	 671
2.929762	-1172 	 1410 	 15685	13 	 -56 	 -842	-679 	 375 	 674
2.939351	-1242 	 1408 	 15824	19 	 -16 	 -824	-679 	 374 	 671
2.949188	-1180 	 1407 	 15712	46 	 -37 	 -786	-681 	 377 	 676
2.95894	-1155 	 1400 	 15738	10 	 -44 	 -795	-680 	 377 	 667
2.968807	-1189 	 1416 	 15656	9 	 -47 	 -768	-680 	 377 	 672
2.978347	-1188 	 1416 	 15702	23 	 -21 	 -808	-679 	 377 	 669
2.988081	-1145 	 1413 	 15724	-4 	 -43 	 -835	-675 	 378 	 669
2.997811	-1167 	 1406 	 15770	-9 	 -37 	 -844	-677 	 378 	 663
3.007605	-1186 	 1439 	 15728	2 	 -48 	 -837	-679 	 378 	 682
3.017649	-1136 	 1433 	 15727	32 	 -57 	 -773	-678 	 380 	 666
3.027796	-1162 	 1377 	 15782	-51 	 -121 	 -794	-678 	 377 	 676
3.037502	-1180 	 1392 	 15791	38 	 -29 	 -796	-678 	 372 	 665
3.047246	-1170 	 1404 	 15796	14 	 -19 	 -827	-678 	 372 	 665
3.057063	-1185 	 1387 	 15725	53 	 -26 	 -827	-679 	 378 	 667
3.066912	-1179 	 1432 	 15799	66 	 -35 	 -780	-679 	 380 	 673
3.07675	-1217 	 1357 	 15725	50 	 -87 	 -795	-681 	 379 	 676
3.086458	-1183 	 1425 	 15716	50 	 -6 	 -801	-675 	 377 	 670
3.095918	-1163 	 1454 	 15763	32 	 -23 	 -832	-675 	 375 	 675
3.105677	-1120 	 1411 	 15722	42 	 -54 	 -803	-678 	 375 	 675
3.115462	-1181 	 1392 	 15753	50 	 -252 	 -852	-677 	 372 	 668
3.125119	-1212 	 1403 	 15764	6 	 -55 	 -811	-676 	 376 	 671
3.134888	-1169 	 1411 	 15708	47 	 15 	 -811	-679 	 380 	 665
3.144727	-1153 	 1419 	 15676	13 	 -10 	 -833	-675 	 375 	 668
3.153146	-1129 	 1406 	 15713	23 	 -65 	 -810	-675 	 375 	 677
3.161409	-1171 	 1395 	 15805	37 	 -4 	 -798	-676 	 375 	 677
3.169744	-1179 	 1421 	 15753	19 	 -45 	 -797	-676 	 377 	 672
3.178095	-1122 	 1408 	 15636	39 	 -11 	 -838	-677 	 380 	 673
3.186425	-1173 	 1416 	 15804	28 	 -19 	 -795	-677 	 376 	 673
3.194959	-1158 	 1407 	 15778	47 	 -21 	 -810	-677 	 376 	 673
3.203265	-1207 	 1398 	 15670	16 	 -27 	 -797	-678 	 377 	 673
3.211508	-1160 	 1423 	 15716	-9 	 -22 	 -850	-675 	 378 	 672
3.219706	-1159 	 1422 	 15648	-34 	 -39 	 -850	-679 	 374 	 666
3.22806	-1149 	 1397 	 15697	20 	 -12 	 -826	-679 	 374 	 675
3.236324	-1180 	 1422 	 15775	43 	 -26 	 -823	-676 	 377 	 675
3.244678	-1155 	 1401 	 15487	36 	 -51 	 -822	-679 	 374 	 669
3.252816	-1197 	 1413 	 15767	42 	 -67 	 -792	-677 	 378 	 674
3.261169	-1210 	 1396 	 15727	34 	 -43 	 -822	-677 	 380 	 667
3.26952	-1173 	 1403 	 15780	18 	 -60 	 -794	-677 	 380 	 667
3.277807	-1173 	 1411 	 15686	10 	 -22 	 -826	-680 	 377 	 673
3.286073	-1098 	 1440 	 15913	31 	 -46 	 -779	-677 	 378 	 667
3.294275	-1182 	 1400 	 15553	4 	 -97 	 -767	-678 	 376 	 672
3.302867	-1112 	 1416 	 15696	18 	 -75 	 -815	-678 	 376 	 672
3.311201	-1174 	 1437 	 15706	50 	 -11 	 -783	-678 	 377 	 672
3.319523	-1149 	 1421 	 15765	31 	 -43 	 -783	-677 	 376 	 666
3.327769	-1171 	 1411 	 15705	33 	 -29 	 -845	-679 	 382 	 668
3.336095	-1133 	 1421 	 15810	2 	 -13 	 -825	-679 	 377 	 672
3.344414	-1155 	 1409 	 15775	4 	 -64 	 -524	-678 	 377 	 672
3.352799	-1170 	 1404 	 15723	54 	 -23 	 -786	-679 	 376 	 673
3.36121	-1111 	 1440 	 15769	56 	 -19 	 -791	-679 	 372 	 664
3.369716	-1169 	 1381 	 15638	-6 	 -48 	 -815	-678 	 379 	 670
3.378153	-1192 	 1469 	 15690	13 	 -9 	 -817	-678 	 379 	 666
3.386478	-1164 	 1402 	 15611	25 	 -50 	 -818	-675 	 381 	 666
3.394711	-1127 	 1391 	 15733	28 	 13 	 -841	-676 	 375 	 675
3.403094	-1204 	 1458 	 15856	39 	 -33 	 -805	-676 	 376 	 669
3.411672	-1210 	 1393 	 15698	42 	 -32 	 -804	-676 	 380 	 675
3.420045	-1125 	 1398 	 15681	53 	 15 	 -834	-680 	 380 	 675
3.428338	-1167 	 1429 	 15744	37 	 -10 	 -815	-678 	 377 	 678
3.436663	-1135 	 1363 	 15621	-1 	 -77 	 -841	-675 	 375 	 673
3.445248	-1165 	 1412 	 15721	11 	 -71 	 -798	-679 	 375 	 673
3.453522	-1212 	 1407 	 15756	7 	 -41 	 -803	-679 	 375 	 673
3.461894	-1170 	 1394 	 15687	-3 	 -47 	 -816	-678 	 381 	 674
3.470248	-1231 	 1410 	 15596	9 	 -51 	 -819	-678 	 378 	 673
3.47857	-1123 	 1423 	 15765	20 	 -45 	 -800	-680 	 382 	 681
3.486763	-1196 	 1389 	 15637	-2 	 -45 	 -831	-680 	 382 	 673
3.495071	-1208 	 1420 	 15866	13 	 -39 	 -805	-678 	 375 	 673
3.503366	-1185 	 1423 	 15624	-7 	 -45 	 -805	-677 	 377 	 664
3.511699	-1191 	 1413 	 15707	36 	 -18 	 -760	-676 	 378 	 672
3.520249	-1155 	 1417 	 15759	39 	 -37 	 -786	-676 	 377 	 674
3.528553	-1153 	 1370 	 15642	33 	 -42 	 -832	-681 	 377 	 674
3.536814	-1194 	 1414 	 15852	72 	 -26 	 -799	-673 	 378 	 674
3.545065	-1188 	 1447 	 15818	53 	 -19 	 -784	-679 	 375 	 669
3.553423	-1184 	 1394 	 15624	46 	 -4 	 -816	-677 	 375 	 678
3.561595	-1171 	 1387 	 15607	-7 	 -45 	 -822	-677 	 375 	 678
3.570226	-1248 	 1411 	 15824	-18 	 -10 	 -837	-677 	 381 	 671
3.578757	-1215 	 1414 	 15671	17 	 -22 	 -800	-675 	 376 	 671
3.587063	-1147 	 1410 	 15770	48 	 14 	 -823	-677 	 378 	 673
3.595353	-1201 	 1414 	 15746	56 	 -19 	 -793	-677 	 375 	 679
3.603701	-1159 	 1391 	 15675	27 	 -32 	 -763	-676 	 375 	 679
3.611918	-1158 	 1399 	 15842	5 	 -9 	 -803	-677 	 375 	 676
3.620178	-1128 	 1423 	 15863	42 	 -33 	 -818	-681 	 379 	 669
3.628543	-1179 	 1413 	 15680	23 	 -45 	 -845	-676 	 375 	 672
3.636936	-1166 	 1418 	 15808	-14 	 -12 	 -795	-676 	 375 	 672
3.645169	-1248 	 1433 	 15787	27 	 -30 	 -808	-677 	 373 	 671
3.65347	-1190 	 1389 	 15599	-18 	 -118 	 -813	-677 	 377 	 671
3.661769	-1201 	 1408 	 15727	29 	 -15 	 -846	-677 	 375 	 677
3.670152	-1138 	 1415 	 15841	65 	 -18 	 -833	-677 	 375 	 672
3.678402	-1208 	 1383 	 15672	3 	 -13 	 -833	-678 	 378 	 672
3.687015	-1123 	 1406 	 15687	17 	 -52 	 -534	-678 	 374 	 676
3.69622	-1166 	 1453 	 15714	85 	 -37 	 -779	-678 	 376 	 672
3.705936	-1147 	 1374 	 15680	34 	 -16 	 -821	-679 	 378 	 669
3.715701	-1140 	 1426 	 15793	35 	 -44 	 -834	-679 	 378 	 669
3.725436	-1155 	 1416 	 15728	51 	 -11 	 -832	-677 	 378 	 669
3.735111	-1211 	 1376 	 15722	79 	 27 	 -853	-677 	 379 	 668
3.74505	-1216 	 1417 	 15764	30 	 -42 	 -809	-678 	 379 	 664
3.754745	-1137 	 1397 	 15752	21 	 -38 	 -833	-676 	 375 	 674
3.764466	-1148 	 1384 	 15666	-1 	 -98 	 -806	-677 	 376 	 677
3.774147	-1144 	 1435 	 15755	28 	 -52 	 -793	-677 	 374 	 675
3.783941	-1153 	 1393 	 15704	28 	 -35 	 -811	-679 	 374 	 675
3.793614	-1261 	 1463 	 15689	14 	 -38 	 -821	-676 	 376 	 671
3.80358	-1145 	 1397 	 15713	30 	 0 	 -861	-676 	 374 	 654
3.813269	-1191 	 1398 	 15611	-19 	 -69 	 -818	-675 	 379 	 671
3.823032	-1147 	 1391 	 15751	-17 	 -47 	 -841	-678 	 382 	 672
3.832742	-1150 	 1387 	 15672	-8 	 -69 	 -800	-678 	 377 	 671
3.8424	-1153 	 1436 	 15688	5 	 -34 	 -796	-677 	 377 	 671
3.852106	-1128 	 1435 	 15791	15 	 -36 	 -825	-675 	 375 	 663
3.862022	-1219 	 1379 	 15657	51 	 -34 	 -796	-676 	 378 	 671
3.871698	-1187 	 1425 	 15783	26 	 -50 	 -562	-679 	 377 	 669
3.881418	-1116 	 1417 	 15809	34 	 -14 	 -795	-678 	 377 	 673
3.891032	-1206 	 1409 	 15701	0 	 208 	 -836	-678 	 376 	 670
3.900641	-1164 	 1402 	 15737	13 	 -20 	 -867	-676 	 376 	 674
3.910338	-1224 	 1393 	 15757	27 	 -28 	 -829	-676 	 379 	 674
3.920152	-1158 	 1430 	 15722	70 	 21 	 -783	-678 	 377 	 680
3.929888	-1185 	 1421 	 15697	28 	 -62 	 -830	-677 	 374 	 673
3.939487	-1159 	 1395 	 15809	76 	 14 	 -810	-678 	 377 	 675
3.949278	-1108 	 1449 	 15759	34 	 -36 	 -790	-677 	 373 	 662
3.959006	-1139 	 1400 	 15633	34 	 -18 	 -779	-677 	 373 	 667
3.968638	-1120 	 1431 	 15845	36 	 -18 	 -803	-680 	 377 	 667
3.978473	-1216 	 1426 	 15751	28 	 -58 	 -816	-680 	 379 	 667
3.988274	-1134 	 1439 	 15848	27 	 -35 	 -798	-677 	 376 	 670
3.998029	-1095 	 1405 	 15713	24 	 -39 	 -816	-677 	 374 	 657
4.00768	-1151 	 1416 	 15671	10 	 -88 	 -786	-675 	 374 	 671
4.017436	-1160 	 1400 	 15672	51 	 -46 	 -839	-675 	 374 	 664
4.027244	-1194 	 1439 	 15783	36 	 -23 	 -865	-678 	 378 	 664
4.037214	-1205 	 1430 	 15729	-32 	 -70 	 -836	-677 	 377 	 668
4.047019	-1118 	 1428 	 15658	-1 	 -48 	 -812	-677 	 377 	 670
4.056707	-1197 	 1426 	 15747	12 	 -11 	 -858	-676 	 379 	 669
4.066371	-1145 	 1404 	 15731	21 	 -50 	 -843	-679 	 372 	 670
4.076125	-1206 	 1432 	 15799	-191 	 -18 	 -874	-679 	 379 	 675
4.085892	-1175 	 1398 	 15692	-63 	 -88 	 -826	-679 	 379 	 675
4.095881	-1193 	 1420 	 15831	12 	 -29 	 -838	-677 	 381 	 668
4.105595	-1186 	 1406 	 15869	10 	 -50 	 -835	-675 	 377 	 670
4.115297	-1176 	 1409 	 15741	30 	 -37 	 -844	-674 	 376 	 677
4.125253	-1194 	 1437 	 15681	35 	 -36 	 -819	-680 	 376 	 671
4.134925	-1159 	 1433 	 15732	9 	 -40 	 -812	-676 	 379 	 673
4.144608	-1146 	 1385 	 15788	22 	 -75 	 -771	-676 	 379 	 667
4.154527	-1126 	 1410 	 15712	-21 	 -60 	 -816	-679 	 378 	 667
4.164355	-1156 	 1394 	 15705	19 	 8 	 -855	-677 	 375 	 671
4.174139	-1172 	 1409 	 15809	24 	 -19 	 -836	-678 	 378 	 674
4.183702	-1199 	 1425 	 15677	8 	 -28 	 -785	-680 	 375 	 679
4.193412	-1191 	 1417 	 15769	25 	 -54 	 -826	-679 	 376 	 664
4.202991	-1178 	 1411 	 15756	4 	 -54 	 -819	-679 	 376 	 674
4.212973	-1141 	 1418 	 15746	3 	 -40 	 -787	-681 	 376 	 674
4.222778	-1216 	 1436 	 15775	11 	 -51 	 -852	-679 	 382 	 676
4.232528	-1170 	 1413 	 15755	36 	 -61 	 -783	-681 	 373 	 668
4.242229	-1179 	 1423 	 15753	79 	 -13 	 -813	-681 	 375 	 666
4.251996	-1076 	 1391 	 15704	20 	 -7 	 -805	-678 	 379 	 672
4.261666	-1213 	 1412 	 15730	-9 	 -67 	 -841	-678 	 375 	 670
4.271374	-1129 	 1407 	 15694	40 	 -18 	 -781	-676 	 375 	 670
4.280244	-1233 	 1428 	 15887	22 	 -45 	 -816	-677 	 377 	 678
4.288479	-1110 	 1405 	 15871	30 	 -20 	 -838	-678 	 377 	 665
4.296782	-1152 	 1381 	 15601	7 	 -84 	 -832	-675 	 378 	 672
4.305149	-1180 	 1404 	 15690	1 	 -40 	 -799	-675 	 378 	 667
4.313455	-1141 	 1414 	 15688	20 	 -33 	 -822	-679 	 379 	 667
4.32168	-1167 	 1438 	 15840	41 	 -11 	 -787	-680 	 373 	 672
4.329992	-1204 	 1388 	 15692	13 	 -23 	 -830	-679 	 377 	 672
4.338381	-1153 	 1428 	 15753	20 	 -26 	 -816	-679 	 374 	 671
4.346766	-1205 	 1419 	 15749	21 	 -32 	 -819	-678 	 374 	 671
4.354996	-1145 	 1411 	 15739	21 	 -8 	 -842	-678 	 378 	 672
4.363233	-1152 	 1426 	 15746	11 	 -10 	 -816	-675 	 377 	 675
4.371517	-1183 	 1421 	 15540	46 	 -21 	 -780	-679 	 376 	 675
4.380041	-1153 	 1427 	 15703	14 	 -18 	 -802	-679 	 376 	 673
4.388372	-1179 	 1386 	 15812	23 	 -46 	 -789	-679 	 378 	 673
4.396641	-1137 	 1427 	 15702	72 	 -6 	 -804	-678 	 379 	 664
4.405119	-1137 	 1436 	 15864	66 	 12 	 -781	-677 	 382 	 675
4.413442	-1200 	 1367 	 15778	35 	 0 	 -802	-677 	 375 	 663
4.42168	-1131 	 1413 	 15626	-1 	 -47 	 -832	-677 	 375 	 663
4.430054	-1156 	 1396 	 15694	1 	 -31 	 -831	-678 	 379 	 667
4.438404	-1201 	 1382 	 15833	52 	 14 	 -811	-678 	 380 	 667
4.446741	-1152 	 1440 	 15721	9 	 -50 	 -816	-678 	 379 	 657
4.454904	-1151 	 1407 	 15712	230 	 -12 	 -826	-678 	 379 	 657
4.46319	-1144 	 1419 	 15885	59 	 9 	 -820	-679 	 376 	 671
4.471509	-1120 	 1414 	 15601	-11 	 -102 	 -832	-675 	 377 	 672
4.479891	-1156 	 1412 	 15792	-20 	 -27 	 -829	-680 	 374 	 674
4.488464	-1186 	 1427 	 15786	38 	 -21 	 -783	-680 	 374 	 672
4.496708	-1146 	 1399 	 15642	28 	 -32 	 -784	-678 	 379 	 672
4.504979	-1200 	 1391 	 15735	51 	 -26 	 -842	-680 	 382 	 674
4.513245	-1206 	 1427 	 15711	6 	 -47 	 -810	-679 	 378 	 674
4.521562	-1154 	 1410 	 15751	6 	 -77 	 -852	-679 	 371 	 673
4.52989	-1166 	 1395 	 15806	-24 	 -36 	 -818	-678 	 371 	 673
4.538248	-1112 	 1406 	 15775	15 	 -12 	 -828	-678 	 377 	 671
4.546596	-1186 	 1403 	 15759	5 	 -10 	 -823	-679 	 381 	 665
4.554933	-1204 	 1403 	 15671	40 	 -28 	 -843	-679 	 376 	 676
4.563186	-1195 	 1452 	 15706	56 	 27 	 -800	-679 	 376 	 676
4.57151	-1218 	 1398 	 15746	65 	 7 	 -796	-676 	 375 	 670
4.579802	-1224 	 1404 	 15816	64 	 -28 	 -838	-680 	 377 	 672
4.587932	-1176 	 1424 	 15693	-21 	 -111 	 -798	-678 	 376 	 680
4.596485	-1095 	 1392 	 15722	13 	 -29 	 -794	-678 	 376 	 676
4.604751	-1127 	 1415 	 15719	18 	 -78 	 -811	-677 	 378 	 676
4.613238	-1173 	 1405 	 15730	32 	 -27 	 -810	-680 	 378 	 674
4.6216	-1173 	 1429 	 15760	23 	 -65 	 -777	-678 	 379 	 674
4.629958	-1130 	 1415 	 15779	-7 	 -45 	 -820	-678 	 379 	 678
4.638304	-1140 	 1405 	 15652	38 	 -60 	 -757	-678 	 379 	 678
4.646727	-1170 	 1413 	 15777	18 	 -39 	 -770	-681 	 380 	 673
4.65508	-1174 	 1431 	 15858	13 	 -36 	 -799	-678 	 378 	 674
4.663252	-1142 	 1407 	 15652	51 	 -26 	 -765	-680 	 372 	 678
4.67186	-1113 	 1412 	 15734	68 	 -11 	 -816	-680 	 372 	 665
4.680102	-1152 	 1421 	 15833	-3 	 -31 	 -854	-677 	 377 	 665
4.688406	-1208 	 1394 	 15687	39 	 -51 	 -806	-680 	 377 	 676
4.696715	-1189 	 1412 	 15736	95 	 22 	 -814	-677 	 378 	 672
4.705155	-1198 	 1447 	 15831	21 	 -5 	 -798	-677 	 378 	 672
4.713478	-1140 	 1368 	 15766	-8 	 -47 	 -822	-679 	 378 	 672
4.72162	-1214 	 1436 	 15772	26 	 10 	 -858	-678 	 379 	 667
4.729962	-1178 	 1429 	 15837	15 	 -21 	 -824	-675 	 376 	 672
4.738291	-1188 	 1399 	 15720	11 	 -55 	 -804	-681 	 380 	 673
4.746617	-1144 	 1419 	 15798	26 	 -1 	 -826	-681 	 380 	 673
4.754949	-1139 	 1412 	 15669	23 	 -20 	 -817	-681 	 377 	 673
4.763313	-1137 	 1410 	 15756	-18 	 -25 	 -776	-678 	 377 	 668
4.771638	-1192 	 1401 	 15667	24 	 -24 	 -779	-675 	 380 	 679
4.779949	-1133 	 1385 	 15830	38 	 -24 	 -826	-675 	 380 	 673
4.788253	-1156 	 1397 	 15651	-17 	 -35 	 -845	-678 	 378 	 673
4.796504	-1205 	 1411 	 15791	39 	 -25 	 -820	-680 	 381 	 672
4.804829	-1184 	 1418 	 15708	-13 	 -42 	 -811	-678 	 375 	 681
4.813329	-1143 	 1395 	 15738	70 	 -6 	 -787	-678 	 372 	 676
4.822216	-1196 	 1438 	 15734	28 	 -32 	 -802	-680 	 372 	 676
4.831984	-1148 	 1418 	 15681	40 	 -20 	 -746	-679 	 376 	 667
4.841797	-1213 	 1435 	 15741	29 	 -16 	 -805	-676 	 375 	 672
4.851449	-1156 	 1407 	 15676	29 	 -35 	 -798	-680 	 378 	 666
4.861177	-1137 	 1404 	 15749	44 	 -34 	 -807	-680 	 375 	 674
4.871037	-1173 	 1419 	 15764	25 	 -19 	 -841	-680 	 376 	 676
4.880759	-1192 	 1407 	 15722	3 	 -38 	 -802	-679 	 376 	 676
4.89042	-1206 	 1400 	 15752	21 	 -43 	 -811	-678 	 380 	 672
4.900021	-1129 	 1418 	 15707	39 	 -50 	 -760	-677 	 381 	 669
4.909735	-1167 	 1379 	 15783	65 	 -19 	 -803	-677 	 376 	 676
4.919454	-1182 	 1427 	 15734	5 	 -72 	 -810	-675 	 377 	 670
4.929401	-1185 	 1402 	 15737	11 	 -95 	 -1018	-675 	 374 	 677
4.939016	-1170 	 1403 	 15712	-30 	 -43 	 -819	-679 	 374 	 677
4.948748	-1166 	 1422 	 15669	48 	 -34 	 -825	-678 	 383 	 674
4.95854	-1167 	 1410 	 15748	15 	 -2 	 -867	-676 	 379 	 669
4.968299	-1194 	 1407 	 15739	20 	 -77 	 -779	-678 	 376 	 676
4.977991	-1186 	 1423 	 15728	-11 	 -94 	 -780	-677 	 374 	 671
4.987818	-1139 	 1425 	 15726	73 	 23 	 -815	-676 	 374 	 665
4.997438	-1197 	 1433 	 15826	33 	 -248 	 -815	-676 	 374 	 678
5.007228	-1181 	 1378 	 15706	-11 	 -2 	 -790	-677 	 379 	 678
5.016989	-1175 	 1401 	 15844	21 	 -8 	 -806	-679 	 376 	 675
5.026696	-1223 	 1420 	 15906	47 	 -68 	 -804	-677 	 375 	 678
5.036434	-1155 	 1392 	 15687	1 	 -69 	 -842	-681 	 378 	 673
5.046321	-1151 	 1407 	 15839	49 	 -10 	 -831	-678 	 381 	 670
5.056154	-1128 	 1408 	 15734	17 	 -82 	 -809	-678 	 381 	 666
5.065982	-1182 	 1417 	 15729	44 	 -25 	 -810	-676 	 376 	 666
5.07563	-1177 	 1408 	 15687	24 	 11 	 -807	-680 	 370 	 669
5.08539	-1162 	 1416 	 15638	14 	 -17 	 -762	-679 	 378 	 668
5.095157	-1117 	 1384 	 15731	57 	 -21 	 -807	-677 	 377 	 670
5.10504	-1188 	 1440 	 15808	-1 	 -81 	 -828	-677 	 377 	 671
5.11481	-1155 	 1382 	 15712	-8 	 -66 	 -835	-677 	 379 	 658
5.124596	-1187 	 1416 	 15813	-31 	 -71 	 -798	-676 	 379 	 658
5.134232	-1172 	 1425 	 15705	-4 	 -87 	 -791	-675 	 370 	 676
5.143868	-1159 	 1404 	 15617	44 	 -29 	 -830	-676 	 375 	 673
5.153616	-1186 	 1463 	 15787	10 	 -27 	 -827	-679 	 376 	 665
5.163448	-1125 	 1392 	 15675	-6 	 -38 	 -796	-679 	 378 	 666
5.173117	-1211 	 1418 	 16008	49 	 9 	 -811	-679 	 372 	 684
5.182889	-1175 	 1399 	 15772	35 	 -34 	 -796	-676 	 372 	 668
5.192678	-1162 	 1401 	 15736	14 	 -14 	 -830	-676 	 376 	 668
5.202377	-1199 	 1418 	 15629	4 	 -56 	 -809	-676 	 374 	 667
5.212071	-1180 	 1400 	 15647	-16 	 -100 	 -795	-677 	 377 	 672
5.222585	-1122 	 1431 	 15864	69 	 -28 	 -822	-678 	 377 	 671
5.232561	-1233 	 1414 	 15673	-19 	 -100 	 -808	-676 	 376 	 675
5.24227	-1125 	 1370 	 15618	-4 	 -71 	 -816	-676 	 374 	 671
5.252004	-1178 	 1457 	 15906	25 	 -29 	 -799	-677 	 374 	 671
5.261728	-1130 	 1433 	 15562	-3 	 -47 	 -822	-677 	 381 	 671
5.271519	-1191 	 1407 	 15718	52 	 -17 	 -781	-679 	 377 	 680
5.281122	-1165 	 1442 	 15795	43 	 5 	 -812	-677 	 380 	 672
5.290885	-1150 	 1416 	 15651	-1 	 -50 	 -780	-676 	 374 	 673
5.300513	-1124 	 1385 	 15743	21 	 1 	 -806	-676 	 378 	 676
5.310328	-1130 	 1435 	 15712	-14 	 -68 	 -818	-677 	 378 	 676
5.32002	-1143 	 1360 	 15751	22 	 -30 	 -820	-677 	 379 	 671
5.329685	-1241 	 1434 	 15821	70 	 0 	 -853	-677 	 375 	 681
5.339454	-1202 	 1384 	 15789	11 	 -51 	 -841	-679 	 375 	 672
5.349141	-1203 	 1411 	 15759	68 	 -32 	 -807	-678 	 374 	 672
5.358863	-1164 	 1418 	 15798	20 	 9 	 -846	-678 	 378 	 673
5.368523	-1176 	 1409 	 15803	78 	 7 	 -816	-678 	 378 	 669
5.378223	-1173 	 1412 	 15882	48 	 -20 	 -818	-678 	 373 	 669
5.387906	-1160 	 1408 	 15734	62 	 -11 	 -803	-679 	 378 	 676
5.397876	-1221 	 1395 	 15785	-6 	 -26 	 -858	-678 	 371 	 670
5.406882	-1168 	 1440 	 15704	27 	 -8 	 -810	-682 	 373 	 672
5.415215	-1171 	 1404 	 15704	21 	 -48 	 -817	-682 	 380 	 672
5.423351	-1207 	 1392 	 15714	3 	 -16 	 -816	-683 	 380 	 672
5.431665	-1188 	 1423 	 15741	15 	 -45 	 -865	-677 	 377 	 677
5.44002	-1107 	 1384 	 15582	19 	 -44 	 -825	-678 	 377 	 668
5.448463	-1163 	 1385 	 15903	-27 	 -38 	 -790	-677 	 376 	 675
5.456747	-1144 	 1442 	 15841	18 	 -1 	 -808	-677 	 376 	 675
5.465206	-1156 	 1362 	 15602	-39 	 -32 	 -789	-678 	 376 	 673
5.473448	-1166 	 1428 	 15719	46 	 -6 	 -837	-681 	 382 	 675
5.481768	-1154 	 1424 	 15787	38 	 -52 	 -804	-680 	 378 	 671
5.490109	-1174 	 1374 	 15397	-14 	 -79 	 -770	-680 	 376 	 660
5.498378	-1193 	 1435 	 15758	25 	 -35 	 -814	-674 	 376 	 660
5.507046	-1175 	 1431 	 15691	-20 	 -54 	 -842	-679 	 377 	 674
5.515381	-1164 	 1352 	 15789	23 	 -75 	 -756	-678 	 378 	 674
5.523695	-1171 	 1446 	 15832	-17 	 -7 	 -804	-680 	 375 	 673
5.531944	-1185 	 1405 	 15709	-8 	 -53 	 -821	-680 	 375 	 673
5.540248	-1181 	 1393 	 15835	52 	 8 	 -814	-680 	 379 	 668
5.54857	-1161 	 1402 	 15825	44 	 16 	 -803	-676 	 375 	 669
5.556848	-1146 	 1401 	 15729	-245 	 -16 	 -814	-678 	 381 	 673
5.565104	-1191 	 1415 	 15733	42 	 -26 	 -790	-678 	 381 	 664
5.573445	-1179 	 1436 	 15731	80 	 -13 	 -826	-679 	 381 	 664
5.581754	-1161 	 1429 	 15746	8 	 -44 	 -829	-680 	 378 	 673
5.590078	-1188 	 1388 	 15772	46 	 234 	 -820	-676 	 375 	 666
5.598326	-1143 	 1441 	 15678	-23 	 -47 	 -838	-676 	 376 	 670
5.60659	-1169 	 1385 	 15742	11 	 -69 	 -776	-677 	 376 	 670
5.61519	-1149 	 1401 	 15679	42 	 -6 	 -798	-679 	 381 	 676
5.623472	-1172 	 1439 	 15719	-35 	 -61 	 -772	-678 	 376 	 670
5.631803	-1129 	 1407 	 15801	-10 	 -42 	 -818	-675 	 377 	 671
5.640136	-1151 	 1448 	 15743	21 	 -36 	 -840	-675 	 377 	 670
5.648482	-1165 	 1401 	 15741	16 	 -33 	 -838	-677 	 374 	 670
5.656828	-1140 	 1409 	 15663	25 	 -39 	 -841	-680 	 376 	 664
5.66515	-1199 	 1431 	 15805	55 	 17 	 -777	-677 	 379 	 673
5.673472	-1205 	 1410 	 15834	27 	 -27 	 -791	-677 	 372 	 671
5.681775	-1146 	 1409 	 15708	20 	 22 	 -818	-678 	 372 	 671
5.68996	-1196 	 1428 	 15795	45 	 -18 	 -797	-675 	 376 	 669
5.698292	-1130 	 1400 	 15706	34 	 -63 	 -810	-678 	 377 	 675
5.706456	-1187 	 1385 	 15725	21 	 -44 	 -812	-678 	 377 	 676
5.71475	-1177 	 1405 	 15779	19 	 -46 	 -816	-677 	 377 	 676
5.723155	-1152 	 1398 	 15619	-2 	 -46 	 -813	-677 	 381 	 672
5.731383	-1180 	 1416 	 15708	72 	 -26 	 -799	-676 	 376 	 664
5.73963	-1140 	 1427 	 15749	-12 	 -39 	 -827	-676 	 375 	 668
5.747913	-1121 	 1395 	 15631	14 	 -21 	 -824	-676 	 375 	 671
5.756284	-1149 	 1431 	 15743	2 	 -6 	 -828	-677 	 378 	 671
5.764504	-1146 	 1469 	 15704	30 	 -41 	 -818	-679 	 380 	 673
5.773124	-1163 	 1355 	 15733	32 	 -22 	 -799	-677 	 376 	 676
5.781411	-1171 	 1398 	 15730	61 	 2 	 -812	-677 	 376 	 663
5.790003	-1196 	 1407 	 15741	22 	 -36 	 -812	-678 	 376 	 663
5.798376	-1184 	 1398 	 15693	18 	 14 	 -818	-676 	 381 	 672
5.806742	-1174 	 1412 	 15799	81 	 -23 	 -821	-679 	 377 	 673
5.815071	-1139 	 1431 	 15702	26 	 -22 	 -795	-680 	 377 	 677
5.823229	-1217 	 1363 	 15758	26 	 -39 	 -778	-680 	 377 	 677
5.831541	-1157 	 1398 	 15744	15 	 -35 	 -818	-678 	 377 	 669
5.83986	-1193 	 1430 	 15706	20 	 -69 	 -778	-679 	 377 	 670
5.848178	-1211 	 1396 	 15694	12 	 -50 	 -787	-676 	 377 	 671
5.856445	-1110 	 1444 	 15799	17 	 -6 	 -846	-676 	 377 	 667
5.864766	-1157 	 1418 	 15716	-7 	 -61 	 -818	-680 	 377 	 667
5.873079	-1145 	 1408 	 15732	5 	 -67 	 -837	-677 	 376 	 669
5.881492	-1180 	 1420 	 15833	36 	 -41 	 -809	-678 	 376 	 678
5.889823	-1194 	 1396 	 15672	13 	 -51 	 -808	-678 	 377 	 681
5.898078	-1208 	 1386 	 15670	35 	 10 	 -852	-676 	 377 	 681
5.906391	-1175 	 1406 	 15738	30 	 -13 	 -831	-676 	 376 	 673
5.914734	-1152 	 1386 	 15719	-6 	 -46 	 -824	-679 	 377 	 671
5.923095	-1114 	 1426 	 15735	47 	 7 	 -870	-678 	 379 	 668
5.931381	-1193 	 1446 	 15841	4 	 -75 	 -811	-678 	 379 	 669
5.94001	-1160 	 1403 	 15702	31 	 -48 	 -824	-679 	 377 	 669
5.948701	-1163 	 1429 	 15695	60 	 -20 	 -799	-679 	 372 	 670
5.958241	-1192 	 1405 	 15704	-18 	 -115 	 -802	-676 	 378 	 662
5.968016	-1148 	 1385 	 15716	-1 	 -85 	 -822	-676 	 378 	 673
5.977809	-1202 	 1421 	 15868	39 	 -3 	 -778	-676 	 378 	 665
5.987614	-1123 	 1421 	 15716	48 	 -99 	 -795	-678 	 380 	 665
5.997464	-1195 	 1421 	 15693	-6 	 -88 	 -771	-677 	 375 	 673
6.007158	-1196 	 1424 	 15782	21 	 -14 	 -852	-676 	 377 	 671
6.016886	-1112 	 1398 	 15600	-28 	 -69 	 -829	-678 	 378 	 679
6.026644	-1176 	 1402 	 15765	73 	 -6 	 -795	-677 	 379 	 677
6.036284	-1182 	 1412 	 15799	32 	 -34 	 -815	-677 	 374 	 675
6.04625	-1181 	 1380 	 15681	-40 	 -49 	 -823	-678 	 374 	 675
6.055999	-1083 	 1432 	 15761	53 	 -9 	 -820	-681 	 376 	 670
6.06573	-1133 	 1425 	 15730	-10 	 -10 	 -805	-675 	 380 	 671
6.075476	-1176 	 1390 	 15589	-43 	 -83 	 -806	-677 	 375 	 675
6.085263	-1210 	 1439 	 15822	5 	 -33 	 -770	-676 	 376 	 669
6.094791	-1147 	 1397 	 15620	55 	 -19 	 -792	-676 	 373 	 672
6.104529	-1147 	 1403 	 15843	21 	 -32 	 -814	-678 	 373 	 672
6.114496	-1196 	 1430 	 15676	12 	 -42 	 -836	-677 	 378 	 671
6.124205	-1221 	 1392 	 15655	17 	 -36 	 -837	-679 	 381 	 673
6.133878	-1182 	 1411 	 15718	19 	 -54 	 -825	-678 	 375 	 680
6.14353	-1196 	 1361 	 15696	-16 	 -36 	 -821	-677 	 373 	 657
6.153272	-1158 	 1421 	 15722	2 	 -23 	 -867	-680 	 377 	 672
6.163053	-1192 	 1410 	 15803	-9 	 -22 	 -837	-680 	 377 	 673
6.173024	-1119 	 1414 	 15700	-27 	 -45 	 -788	-678 	 375 	 673
6.182756	-1211 	 1413 	 15756	11 	 -35 	 -799	-680 	 378 	 672
6.192466	-1158 	 1393 	 15716	-4 	 -4 	 -836	-677 	 379 	 678
6.202288	-1203 	 1420 	 15814	11 	 236 	 -818	-678 	 379 	 671
6.212051	-1169 	 1436 	 15761	14 	 -43 	 -798	-679 	 377 	 672
6.221808	-1216 	 1379 	 15714	54 	 -49 	 -832	-679 	 377 	 670
6.231623	-1227 	 1434 	 15846	18 	 -50 	 -802	-676 	 379 	 670
6.24121	-1133 	 1420 	 15790	-5 	 -80 	 -826	-678 	 379 	 672
6.251003	-1177 	 1427 	 15608	7 	 -64 	 -848	-679 	 377 	 668
6.260748	-1155 	 1443 	 15764	34 	 -7 	 -802	-676 	 377 	 662
6.270458	-1183 	 1405 	 15668	39 	 -35 	 -809	-675 	 379 	 666
6.280178	-1167 	 1355 	 15724	16 	 -23 	 -812	-675 	 377 	 665
6.289947	-1171 	 1441 	 15842	42 	 35 	 -842	-679 	 377 	 665
6.299769	-1191 	 1369 	 15683	37 	 -62 	 -743	-679 	 375 	 685
6.309608	-1151 	 1398 	 15650	42 	 -34 	 -800	-676 	 378 	 682
6.319547	-1181 	 1414 	 15792	29 	 -58 	 -840	-679 	 376 	 673
6.329352	-1133 	 1401 	 15656	47 	 -47 	 -798	-678 	 376 	 667
6.339122	-1127 	 1397 	 15791	33 	 -24 	 -791	-677 	 376 	 673
6.348946	-1159 	 1367 	 15650	-26 	 -80 	 -784	-677 	 376 	 678
6.358612	-1142 	 1402 	 15758	1 	 -77 	 -791	-680 	 376 	 678
6.368401	-1233 	 1419 	 15761	48 	 -30 	 -811	-678 	 374 	 669
6.378071	-1199 	 1385 	 15642	36 	 -41 	 -801	-679 	 379 	 670
6.387759	-1169 	 1423 	 15826	46 	 -1 	 -793	-679 	 375 	 677
6.397872	-1280 	 1430 	 15634	69 	 -33 	 -813	-678 	 376 	 671
6.407842	-1197 	 1419 	 15793	41 	 -31 	 -836	-678 	 373 	 666
6.417662	-1192 	 1443 	 15682	-44 	 -87 	 -784	-678 	 373 	 670
6.427376	-1143 	 1374 	 15630	-4 	 -37 	 -802	-678 	 373 	 670
6.43708	-1260 	 1453 	 15866	-4 	 -42 	 -778	-680 	 379 	 672
6.44683	-1134 	 1410 	 15655	-19 	 -31 	 -828	-679 	 378 	 672
6.456669	-1172 	 1371 	 15631	17 	 -14 	 -807	-677 	 377 	 673
6.466607	-1161 	 1414 	 15769	7 	 -10 	 -801	-677 	 374 	 669
6.47634	-1128 	 1407 	 15745	2 	 -66 	 -803	-677 	 380 	 679
6.486112	-1209 	 1401 	 15682	50 	 -29 	 -801	-681 	 380 	 679
6.495832	-1128 	 1411 	 15730	32 	 -55 	 -817	-676 	 378 	 669
6.505563	-1184 	 1396 	 15756	40 	 -41 	 -821	-678 	 376 	 674
6.515324	-1173 	 1416 	 15737	54 	 -20 	 -787	-677 	 375 	 674
6.525167	-1167 	 1393 	 15711	51 	 -10 	 -523	-678 	 378 	 666
6.534108	-1125 	 1390 	 15678	-8 	 -65 	 -779	-678 	 375 	 677
6.542421	-1141 	 1436 	 15831	-27 	 -92 	 -814	-678 	 375 	 677
6.550742	-1220 	 1396 	 15726	45 	 -17 	 -822	-676 	 382 	 670
6.558942	-1155 	 1412 	 15681	24 	 -29 	 -817	-676 	 378 	 678
6.567217	-1171 	 1453 	 15777	-12 	 -47 	 -813	-677 	 378 	 664
6.575697	-1221 	 1394 	 15626	-4 	 -85 	 -791	-677 	 378 	 664
6.584017	-1147 	 1408 	 15763	38 	 1 	 -827	-679 	 378 	 671
6.592357	-1123 	 1432 	 15884	-7 	 -29 	 -821	-678 	 382 	 677
6.600642	-1152 	 1443 	 15786	25 	 -86 	 -810	-678 	 381 	 673
6.609057	-1129 	 1432 	 15785	-11 	 -67 	 -792	-678 	 381 	 678
6.617348	-1179 	 1388 	 15805	45 	 -35 	 -753	-678 	 377 	 678
6.625604	-1110 	 1402 	 15799	-5 	 -71 	 -776	-681 	 378 	 677
6.634101	-1173 	 1443 	 15741	0 	 -83 	 -796	-678 	 377 	 672
6.642451	-1144 	 1434 	 15700	19 	 -74 	 -786	-681 	 376 	 669
6.650759	-1142 	 1399 	 15671	40 	 12 	 -807	-681 	 376 	 669
6.658966	-1169 	 1436 	 15779	9 	 -8 	 -819	-676 	 376 	 671
6.667276	-1109 	 1402 	 15809	2 	 -8 	 -825	-674 	 375 	 673
6.675526	-1147 	 1407 	 15779	7 	 -30 	 -786	-677 	 378 	 673
6.684031	-1181 	 1435 	 15771	60 	 -18 	 -779	-677 	 378 	 669
6.69238	-1158 	 1400 	 15737	26 	 9 	 -802	-679 	 377 	 669
6.700666	-1190 	 1405 	 15651	11 	 7 	 -835	-676 	 378 	 666
6.709007	-1212 	 1430 	 15854	56 	 -24 	 -803	-679 	 374 	 670
6.717334	-1137 	 1384 	 15692	23 	 -61 	 -780	-679 	 377 	 670
6.725577	-1130 	 1397 	 15752	2 	 -48 	 -759	-676 	 377 	 670
6.73383	-1250 	 1434 	 15837	22 	 -48 	 -803	-680 	 378 	 676
6.742384	-1078 	 1375 	 15844	2 	 -15 	 -838	-680 	 378 	 677
6.750722	-1188 	 1409 	 15919	-6 	 -47 	 -805	-681 	 380 	 681
6.759053	-1171 	 1419 	 15845	19 	 -41 	 -753	-681 	 380 	 681
6.767309	-1171 	 1429 	 15678	57 	 2 	 -816	-680 	 378 	 671
6.775611	-1125 	 1426 	 15822	27 	 -13 	 -805	-677 	 380 	 670
6.783931	-1160 	 1436 	 15744	36 	 -57 	 -805	-679 	 377 	 671
6.792165	-1165 	 1393 	 15719	29 	 -53 	 -800	-679 	 377 	 671
6.800538	-1140 	 1422 	 15809	-249 	 -54 	 -774	-679 	 378 	 671
6.808864	-1182 	 1369 	 15843	-5 	 -20 	 -794	-674 	 376 	 679
6.817192	-1091 	 1377 	 15755	-11 	 -31 	 -821	-682 	 373 	 672
6.825447	-1216 	 1417 	 15913	34 	 -35 	 -842	-682 	 379 	 674
6.833755	-1093 	 1397 	 15740	22 	 -57 	 -823	-677 	 379 	 674
6.842114	-1193 	 1402 	 15708	39 	 -31 	 -774	-676 	 379 	 671
6.850677	-1287 	 1412 	 15631	73 	 -12 	 -828	-681 	 376 	 678
6.858995	-1195 	 1378 	 15655	39 	 -52 	 -804	-678 	 373 	 673
6.867167	-1174 	 1431 	 15764	49 	 -16 	 -817	-678 	 373 	 671
6.875758	-1086 	 1415 	 15750	14 	 -50 	 -817	-677 	 379 	 671
6.884002	-1131 	 1334 	 15610	-17 	 -55 	 -807	-678 	 379 	 678
6.892273	-1204 	 1444 	 15827	21 	 -14 	 -822	-678 	 375 	 665
6.900658	-1148 	 1430 	 15627	21 	 -37 	 -804	-678 	 379 	 663
6.909072	-1103 	 1394 	 15623	-214 	 -67 	 -805	-681 	 379 	 663
6.917381	-1092 	 1391 	 15738	13 	 -52 	 -816	-678 	 379 	 662
6.925509	-1181 	 1463 	 15808	43 	 -17 	 -812	-677 	 378 	 673
6.93384	-1151 	 1389 	 15734	39 	 -34 	 -830	-678 	 375 	 673
6.942149	-1130 	 1423 	 15810	28 	 -28 	 -832	-678 	 375 	 673
6.950481	-1151 	 1416 	 15717	44 	 -54 	 -793	-675 	 376 	 667
6.959118	-1233 	 1397 	 15854	28 	 -43 	 -758	-677 	 379 	 670
6.967447	-1115 	 1409 	 15737	43 	 -14 	 -834	-676 	 375 	 667
6.975787	-1154 	 1390 	 15690	33 	 -4 	 -814	-676 	 375 	 669
6.984041	-1165 	 1389 	 15607	35 	 -6 	 -819	-676 	 377 	 669
6.992398	-1169 	 1399 	 15736	40 	 -36 	 -811	-675 	 379 	 672
7.000725	-1114 	 1410 	 15818	-240 	 -10 	 -848	-680 	 377 	 670
7.009299	-1153 	 1425 	 15766	-17 	 -13 	 -810	-680 	 375 	 674
7.01765	-1139 	 1438 	 15730	-219 	 -59 	 -763	-677 	 375 	 674
7.025955	-1077 	 1384 	 15696	-3 	 -27 	 -813	-678 	 380 	 669
7.034252	-1249 	 1410 	 15619	16 	 -25 	 -816	-678 	 378 	 673
7.042484	-1157 	 1397 	 15791	28 	 -52 	 -790	-676 	 378 	 668
7.05076	-1157 	 1378 	 15699	33 	 -4 	 -818	-676 	 378 	 675
7.058912	-1227 	 1443 	 15803	60 	 -25 	 -777	-677 	 375 	 675
7.067464	-1102 	 1420 	 15905	8 	 -52 	 -776	-677 	 374 	 674
7.076163	-1189 	 1418 	 15780	29 	 -32 	 -770	-680 	 380 	 670
7.085918	-1137 	 1394 	 15453	52 	 3 	 -779	-680 	 379 	 669
7.095437	-1117 	 1373 	 15760	-10 	 -52 	 -857	-679 	 379 	 672
7.105174	-1136 	 1397 	 15729	53 	 -9 	 -797	-676 	 376 	 672
7.11492	-1105 	 1395 	 15719	0 	 -44 	 -798	-677 	 373 	 683
7.12489	-1110 	 1414 	 15719	30 	 -46 	 -786	-677 	 376 	 678
7.134533	-1190 	 1413 	 15691	9 	 -32 	 -816	-676 	 378 	 671
7.144339	-1123 	 1443 	 15846	63 	 -36 	 -805	-679 	 378 	 673
7.154097	-1159 	 1374 	 15665	52 	 -30 	 -788	-679 	 378 	 675
7.163885	-1140 	 1418 	 15773	-10 	 -73 	 -830	-676 	 379 	 675
7.173693	-1126 	 1420 	 15736	241 	 27 	 -849	-682 	 380 	 666
7.18341	-1158 	 1406 	 15709	67 	 -26 	 -833	-679 	 376 	 675
7.19307	-1170 	 1418 	 15689	38 	 -77 	 -775	-679 	 378 	 674
7.20282	-1151 	 1386 	 15758	40 	 -8 	 -828	-676 	 377 	 674
7.212543	-1157 	 1405 	 15761	9 	 -65 	 -798	-676 	 378 	 676
7.222222	-1158 	 1402 	 15687	-54 	 -66 	 -853	-676 	 378 	 676
7.231955	-1168 	 1392 	 15740	45 	 7 	 -838	-678 	 377 	 674
7.241646	-1193 	 1389 	 15786	62 	 -1 	 -858	-679 	 378 	 673
7.25144	-1160 	 1417 	 15746	30 	 -70 	 -834	-679 	 376 	 669
7.261177	-1143 	 1405 	 15742	30 	 -59 	 -807	-678 	 375 	 663
7.27083	-1178 	 1407 	 15709	15 	 -53 	 -807	-678 	 376 	 674
7.280519	-1189 	 1419 	 15745	84 	 -31 	 -798	-678 	 376 	 674
7.290226	-1111 	 1420 	 15716	35 	 8 	 -840	-679 	 375 	 672
7.299983	-1202 	 1433 	 15765	20 	 -21 	 -811	-677 	 377 	 669
7.309656	-1266 	 1459 	 15617	-9 	 -40 	 -832	-676 	 375 	 668
7.319402	-1151 	 1434 	 15775	40 	 -21 	 -826	-677 	 375 	 679
7.329194	-1155 	 1420 	 15839	17 	 -19 	 -825	-677 	 372 	 677
7.338854	-1126 	 1413 	 15706	7 	 -45 	 -776	-681 	 372 	 676
7.348553	-1228 	 1415 	 15805	46 	 -38 	 -832	-679 	 377 	 676
7.358426	-1114 	 1358 	 15695	19 	 -13 	 -796	-680 	 372 	 672
7.368139	-1194 	 1452 	 15911	43 	 8 	 -851	-678 	 378 	 672
7.37787	-1156 	 1371 	 15686	49 	 25 	 -826	-677 	 376 	 672
7.387559	-1111 	 1414 	 15714	63 	 -23 	 -816	-681 	 376 	 673
7.397296	-1145 	 1401 	 15682	66 	 23 	 -842	-681 	 376 	 668
7.407005	-1183 	 1417 	 15722	26 	 -21 	 -815	-677 	 381 	 668
7.4167	-1109 	 1441 	 15792	5 	 -33 	 -808	-680 	 373 	 669
7.426807	-1116 	 1378 	 15680	-2 	 -24 	 -829	-676 	 375 	 674
7.436494	-1190 	 1469 	 15921	-25 	 -69 	 -810	-681 	 372 	 663
7.446189	-1149 	 1391 	 15791	28 	 -74 	 -789	-674 	 379 	 669
7.45593	-1205 	 1396 	 15824	5 	 -38 	 -850	-674 	 381 	 682
7.465729	-1142 	 1423 	 15726	3 	 -60 	 -824	-682 	 381 	 682
7.475755	-1181 	 1417 	 15686	96 	 -28 	 -791	-676 	 378 	 673
7.485357	-1132 	 1435 	 15678	17 	 -17 	 -781	-676 	 376 	 674
7.495052	-1164 	 1402 	 15772	33 	 -63 	 -775	-680 	 377 	 683
7.504815	-1198 	 1403 	 15736	35 	 -50 	 -813	-681 	 379 	 666
7.514547	-1195 	 1408 	 15731	46 	 -24 	 -819	-681 	 377 	 676
7.524238	-1126 	 1398 	 15671	50 	 -38 	 -797	-677 	 377 	 675
7.534058	-1223 	 1452 	 15723	25 	 -24 	 -793	-678 	 375 	 675
7.543781	-1161 	 1430 	 15800	15 	 -40 	 -765	-677 	 376 	 672
7.55344	-1182 	 1419 	 15723	50 	 19 	 -794	-678 	 375 	 677
7.563104	-1122 	 1426 	 15799	57 	 -14 	 -801	-679 	 379 	 671
7.57283	-1169 	 1427 	 15722	62 	 12 	 -797	-679 	 374 	 675
7.582803	-1160 	 1397 	 15705	66 	 -28 	 -829	-679 	 374 	 669
7.592626	-1170 	 1424 	 15742	-7 	 -111 	 -733	-674 	 376 	 669
7.602407	-1199 	 1384 	 15735	58 	 -27 	 -782	-681 	 380 	 671
7.612099	-1150 	 1421 	 15658	41 	 -22 	 -771	-678 	 378 	 678
7.621718	-1154 	 1429 	 15712	9 	 -38 	 -802	-681 	 378 	 670
7.631378	-1164 	 1399 	 15718	41 	 0 	 -808	-676 	 376 	 672
7.641178	-1166 	 1420 	 15762	13 	 -41 	 -828	-676 	 376 	 670
7.650941	-1183 	 1411 	 15778	2 	 -37 	 -808	-677 	 373 	 670
7.660086	-1160 	 1393 	 15713	-11 	 -35 	 -797	-678 	 380 	 667
7.668356	-1161 	 1406 	 15823	-213 	 -55 	 -765	-677 	 376 	 677
7.676682	-1183 	 1421 	 15676	51 	 -27 	 -752	-677 	 376 	 676
7.684994	-1169 	 1404 	 15757	59 	 -56 	 -797	-677 	 376 	 673
7.693225	-1153 	 1442 	 15786	9 	 -65 	 -790	-676 	 378 	 673
7.701577	-1152 	 1389 	 15730	-10 	 -70 	 -815	-679 	 379 	 669
7.710068	-1178 	 1395 	 15742	45 	 4 	 -820	-679 	 376 	 668
7.718391	-1154 	 1404 	 15821	33 	 -5 	 -795	-679 	 375 	 673
7.7267	-1089 	 1393 	 15628	29 	 -49 	 -803	-678 	 375 	 673
7.735034	-1103 	 1402 	 15813	20 	 -35 	 -819	-679 	 377 	 674
7.743389	-1196 	 1421 	 15743	-5 	 -19 	 -793	-678 	 375 	 671
7.751624	-1153 	 1412 	 15686	41 	 -17 	 -792	-680 	 376 	 668
7.759901	-1170 	 1431 	 15854	25 	 -31 	 -822	-680 	 376 	 676
7.768229	-1165 	 1390 	 15681	4 	 -56 	 -805	-678 	 377 	 676
7.776546	-1197 	 1379 	 15698	40 	 2 	 -816	-678 	 375 	 672
7.784782	-1173 	 1411 	 15778	28 	 -56 	 -856	-679 	 379 	 674
7.793131	-1214 	 1407 	 15702	-13 	 -36 	 -789	-679 	 379 	 669
7.801352	-1201 	 1403 	 15762	67 	 21 	 -829	-679 	 376 	 669
7.809679	-1195 	 1442 	 15725	47 	 -6 	 -851	-677 	 378 	 669
7.818246	-1147 	 1404 	 15720	28 	 -65 	 -801	-678 	 376 	 675
7.826575	-1209 	 1417 	 15823	33 	 -25 	 -774	-680 	 376 	 668
7.83491	-1210 	 1444 	 15697	-7 	 -37 	 -835	-680 	 376 	 668
7.843172	-1166 	 1419 	 15685	1 	 -28 	 -819	-677 	 375 	 680
7.851479	-1162 	 1407 	 15790	70 	 9 	 -787	-677 	 379 	 672
7.859792	-1213 	 1396 	 15711	1 	 -15 	 -816	-680 	 377 	 667
7.868148	-1159 	 1405 	 15741	225 	 -45 	 -767	-680 	 377 	 675
7.876516	-1169 	 1430 	 15835	56 	 -4 	 -818	-677 	 378 	 675
7.884839	-1202 	 1429 	 15745	48 	 15 	 -777	-675 	 374 	 675
7.892989	-1170 	 1413 	 15660	38 	 -9 	 -793	-678 	 377 	 673
7.901276	-1195 	 1421 	 15829	38 	 -49 	 -762	-678 	 381 	 674
7.909634	-1182 	 1387 	 15710	36 	 -43 	 -802	-680 	 381 	 674
7.917961	-1151 	 1359 	 15724	25 	 -48 	 -846	-678 	 375 	 680
7.926492	-1157 	 1414 	 15759	13 	 8 	 -788	-677 	 376 	 670
7.934801	-1138 	 1423 	 15593	27 	 -44 	 -774	-678 	 379 	 673
7.943017	-1167 	 1412 	 15686	79 	 -37 	 -809	-678 	 379 	 673
7.95134	-1217 	 1420 	 15795	84 	 21 	 -829	-677 	 373 	 665
7.959684	-1170 	 1416 	 15685	11 	 -26 	 -817	-682 	 382 	 676
7.96797	-1161 	 1392 	 15661	24 	 -26 	 -788	-677 	 380 	 669
7.97649	-1138 	 1423 	 15736	67 	 -25 	 -788	-677 	 380 	 668
7.984827	-1195 	 1391 	 15662	-38 	 -51 	 -790	-676 	 374 	 668
7.993139	-1160 	 1404 	 15690	47 	 19 	 -809	-677 	 378 	 676
8.001358	-1130 	 1433 	 15721	37 	 -23 	 -808	-680 	 381 	 674
8.009757	-1137 	 1389 	 15722	39 	 -40 	 -858	-680 	 380 	 674
8.01807	-1185 	 1427 	 15739	5 	 -24 	 -848	-680 	 380 	 674
8.026323	-1184 	 1421 	 15708	-22 	 -40 	 -829	-676 	 378 	 669
8.034701	-1170 	 1389 	 15648	24 	 -13 	 -792	-677 	 375 	 674
8.04299	-1169 	 1411 	 15738	20 	 1 	 -824	-679 	 374 	 670
8.051252	-1180 	 1415 	 15734	56 	 -36 	 -773	-679 	 374 	 664
8.059525	-1165 	 1375 	 15683	48 	 -42 	 -790	-678 	 378 	 664
8.067848	-1159 	 1406 	 15817	-17 	 -35 	 -799	-678 	 376 	 676
8.076179	-1160 	 1382 	 15673	-28 	 -41 	 -793	-677 	 379 	 680
8.084573	-1171 	 1366 	 15631	0 	 10 	 -794	-677 	 379 	 680
8.092873	-1181 	 1413 	 15848	28 	 -29 	 -814	-678 	 379 	 680
8.101098	-1188 	 1405 	 15634	18 	 -35 	 -804	-677 	 378 	 673
8.109406	-1179 	 1387 	 15730	18 	 -9 	 -818	-683 	 376 	 677
8.117722	-1181 	 1419 	 15762	35 	 -11 	 -799	-680 	 375 	 665
8.126022	-1178 	 1425 	 15639	-18 	 -38 	 -814	-680 	 375 	 665
8.134498	-1224 	 1412 	 15779	49 	 -37 	 -788	-677 	 371 	 678
8.142895	-1189 	 1412 	 15722	66 	 0 	 -772	-678 	 374 	 670
8.151207	-1212 	 1402 	 15673	-7 	 -21 	 -823	-677 	 379 	 670
8.159416	-1173 	 1395 	 15634	6 	 -36 	 -828	-677 	 379 	 670
8.167794	-1197 	 1433 	 15727	38 	 -39 	 -835	-680 	 374 	 670
8.176091	-1150 	 1399 	 15696	50 	 -22 	 -769	-675 	 375 	 672
8.184408	-1226 	 1435 	 15805	62 	 -5 	 -829	-676 	 373 	 675
8.192609	-1153 	 1417 	 15864	73 	 -68 	 -843	-676 	 376 	 667
8.201044	-1152 	 1388 	 15688	-4 	 -64 	 -796	-678 	 376 	 667
8.210727	-1156 	 1401 	 15788	37 	 -36 	 -805	-679 	 379 	 676
8.22049	-1180 	 1421 	 15727	7 	 -38 	 -818	-679 	 377 	 688
8.230296	-1146 	 1389 	 15635	8 	 -28 	 -792	-677 	 378 	 675
8.240015	-1185 	 1404 	 15768	53 	 -15 	 -832	-678 	 376 	 668
8.249729	-1148 	 1404 	 15688	-4 	 -70 	 -787	-678 	 378 	 674
8.259463	-1183 	 1381 	 15741	19 	 -55 	 -782	-677 	 378 	 674
8.269232	-1217 	 1422 	 15778	-10 	 -97 	 -771	-677 	 379 	 674
8.279011	-1133 	 1386 	 15619	56 	 31 	 -794	-675 	 378 	 673
8.288747	-1168 	 1422 	 15779	71 	 2 	 -842	-678 	 374 	 671
8.298171	-1158 	 1374 	 15724	8 	 -48 	 -823	-679 	 375 	 678
8.30788	-1167 	 1393 	 15690	53 	 -1 	 -807	-679 	 378 	 675
8.317639	-1162 	 1427 	 15740	20 	 -24 	 -789	-679 	 378 	 675
8.327311	-1194 	 1392 	 15651	27 	 -50 	 -783	-677 	 377 	 662
8.337025	-1129 	 1414 	 15698	31 	 -3 	 -828	-676 	 378 	 671
8.346734	-1118 	 1451 	 15684	9 	 -46 	 -807	-677 	 376 	 672
8.356455	-1120 	 1405 	 15735	42 	 -37 	 -844	-678 	 382 	 669
8.366251	-1149 	 1405 	 15721	40 	 -22 	 -839	-678 	 379 	 672
8.376044	-1127 	 1416 	 15704	-6 	 -102 	 -779	-677 	 379 	 672
8.385716	-1096 	 1428 	 15684	60 	 -37 	 -810	-675 	 379 	 672
8.395512	-1172 	 1424 	 15825	49 	 -56 	 -797	-675 	 378 	 666
8.405303	-1116 	 1398 	 15688	92 	 -3 	 -1004	-676 	 376 	 668
8.414988	-1138 	 1448 	 15698	-6 	 -42 	 -845	-678 	 377 	 678
8.424777	-1136 	 1447 	 15658	38 	 -29 	 -804	-680 	 379 	 680
8.434436	-1106 	 1399 	 15705	26 	 -56 	 -814	-680 	 379 	 671
8.444118	-1165 	 1422 	 15799	-235 	 -53 	 -771	-677 	 376 	 671
8.453789	-1181 	 1423 	 15658	45 	 -60 	 -786	-678 	 376 	 667
8.463512	-1183 	 1387 	 15691	23 	 -31 	 -780	-678 	 376 	 688
8.473303	-1172 	 1437 	 15743	45 	 -9 	 -822	-677 	 377 	 669
8.483074	-1164 	 1426 	 15709	21 	 -52 	 -802	-676 	 375 	 664
8.492611	-1219 	 1410 	 15842	73 	 -38 	 -835	-676 	 375 	 664
8.502286	-1170 	 1373 	 15731	17 	 -52 	 -833	-678 	 375 	 664
8.512075	-1195 	 1383 	 15721	14 	 -31 	 -842	-678 	 381 	 670
8.521906	-1159 	 1436 	 15795	0 	 -5 	 -839	-677 	 378 	 675
8.53192	-1147 	 1386 	 15699	45 	 8 	 -874	-677 	 373 	 669
8.541868	-1140 	 1406 	 15774	22 	 -46 	 -805	-675 	 377 	 677
8.551501	-1145 	 1433 	 15733	18 	 -52 	 -756	-675 	 374 	 664
8.5613	-1163 	 1393 	 15680	71 	 22 	 -818	-678 	 374 	 664
8.571105	-1159 	 1408 	 15771	3 	 -4 	 -800	-679 	 381 	 665
8.580743	-1222 	 1386 	 15734	-62 	 -85 	 -793	-680 	 380 	 675
8.590419	-1171 	 1393 	 15737	-11 	 -31 	 -812	-677 	 374 	 667
8.600214	-1120 	 1422 	 15763	19 	 -52 	 -830	-676 	 379 	 674
8.609914	-1140 	 1353 	 15653	4 	 -25 	 -844	-678 	 376 	 666
8.61972	-1201 	 1411 	 15774	-1 	 -39 	 -803	-678 	 376 	 661
8.629411	-1152 	 1418 	 15706	-5 	 -23 	 -826	-679 	 379 	 661
8.639069	-1172 	 1379 	 15697	44 	 6 	 -798	-678 	 377 	 674
8.648805	-1196 	 1431 	 15747	26 	 -14 	 -808	-679 	 378 	 671
8.658673	-1187 	 1401 	 15678	-34 	 -41 	 -804	-679 	 373 	 671
8.668444	-1146 	 1406 	 15822	58 	 -7 	 -798	-677 	 378 	 670
8.678218	-1122 	 1433 	 15796	13 	 -42 	 -786	-677 	 378 	 686
8.687925	-1147 	 1388 	 15631	18 	 -102 	 -777	-681 	 375 	 686
8.697714	-1169 	 1426 	 15825	33 	 11 	 -776	-675 	 380 	 666
8.707544	-1194 	 1436 	 15674	9 	 -51 	 -814	-675 	 379 	 671
8.717503	-1149 	 1429 	 15656	57 	 -17 	 -794	-679 	 376 	 668
8.727006	-1145 	 1433 	 15718	55 	 11 	 -848	-680 	 378 	 674
8.736782	-1177 	 1444 	 15758	20 	 -51 	 -823	-680 	 376 	 670
8.746532	-1270 	 1430 	 15782	29 	 -34 	 -802	-677 	 376 	 670
8.756256	-1134 	 1415 	 15643	44 	 -58 	 -798	-677 	 380 	 671
8.766103	-1152 	 1384 	 15660	7 	 -14 	 -839	-676 	 377 	 671
8.775893	-1177 	 1443 	 15852	74 	 12 	 -767	-681 	 376 	 675
8.785476	-1131 	 1390 	 15737	35 	 -38 	 -784	-682 	 377 	 664
8.793821	-1181 	 1387 	 15671	36 	 -6 	 -849	-682 	 376 	 675
8.802165	-1154 	 1429 	 15779	-19 	 -26 	 -852	-680 	 376 	 675
8.810553	-1161 	 1389 	 15724	21 	 7 	 -842	-676 	 378 	 679
8.818833	-1180 	 1416 	 15683	53 	 51 	 -843	-677 	 376 	 667
8.82707	-1161 	 1422 	 15737	37 	 -63 	 -812	-677 	 375 	 670
8.835459	-1134 	 1371 	 15669	46 	 12 	 -782	-677 	 375 	 670
8.843791	-1199 	 1391 	 15839	67 	 -46 	 -816	-680 	 376 	 673
8.852095	-1169 	 1436 	 15760	16 	 -58 	 -825	-678 	 373 	 671
8.860283	-1159 	 1382 	 15661	-7 	 -80 	 -782	-677 	 378 	 682
8.868522	-1203 	 1443 	 15742	70 	 -35 	 -788	-677 	 378 	 673
8.876868	-1194 	 1397 	 15721	8 	 -28 	 -821	-673 	 378 	 673
8.885233	-1196 	 1368 	 15611	15 	 -63 	 -845	-677 	 379 	 668
8.893586	-1137 	 1450 	 15715	32 	 -53 	 -846	-679 	 377 	 674
8.901727	-1194 	 1414 	 15709	27 	 -30 	 -849	-679 	 375 	 669
8.910098	-1118 	 1387 	 15657	-24 	 -66 	 -815	-678 	 375 	 669
8.918423	-1183 	 1426 	 15757	56 	 -14 	 -830	-676 	 375 	 670
8.926757	-1111 	 1389 	 15654	-3 	 -60 	 -810	-678 	 378 	 675
8.935089	-1109 	 1388 	 15681	222 	 -20 	 -834	-679 	 377 	 673
8.943655	-1183 	 1436 	 15800	85 	 -10 	 -838	-679 	 377 	 673
8.95197	-1144 	 1371 	 15593	36 	 -46 	 -845	-678 	 377 	 679
8.960211	-1172 	 1384 	 15665	64 	 -1 	 -811	-676 	 373 	 671
8.968526	-1164 	 1431 	 15698	6 	 -247 	 -754	-679 	 376 	 672
8.976827	-1162 	 1397 	 15618	-2 	 -76 	 -787	-679 	 376 	 681
8.985126	-1172 	 1398 	 15787	13 	 -36 	 -815	-678 	 374 	 681
8.993331	-1167 	 1464 	 15785	-6 	 -50 	 -828	-676 	 375 	 659
9.001589	-1152 	 1382 	 15641	7 	 -63 	 -819	-675 	 376 	 680
9.009959	-1130 	 1391 	 15741	53 	 -27 	 -807	-675 	 378 	 677
9.018272	-1144 	 1455 	 15843	37 	 -31 	 -824	-677 	 378 	 677
9.026581	-1153 	 1357 	 15697	21 	 -62 	 -816	-676 	 378 	 669
9.03485	-1193 	 1423 	 15892	30 	 -74 	 -765	-677 	 377 	 671
9.043168	-1220 	 1450 	 15726	-253 	 -57 	 -806	-676 	 377 	 674
9.051718	-1159 	 1377 	 15718	-5 	 -76 	 -835	-676 	 377 	 669
9.060033	-1155 	 1419 	 15815	41 	 -25 	 -805	-677 	 378 	 669
9.068308	-1144 	 1441 	 15719	10 	 -82 	 -777	-677 	 374 	 665
9.076562	-1195 	 1365 	 15556	12 	 196 	 -860	-680 	 376 	 672
9.084782	-1185 	 1434 	 15813	18 	 22 	 -823	-680 	 377 	 668
9.09306	-1143 	 1397 	 15761	15 	 -67 	 -750	-678 	 377 	 668
9.101611	-1139 	 1388 	 15849	-5 	 -37 	 -805	-676 	 380 	 672
9.110046	-1187 	 1433 	 15768	7 	 -34 	 -801	-679 	 376 	 671
9.118367	-1163 	 1397 	 15692	11 	 -36 	 -776	-679 	 375 	 670
9.126597	-1163 	 1408 	 15796	38 	 -37 	 -836	-679 	 375 	 670
9.134833	-1169 	 1434 	 15717	77 	 -22 	 -833	-678 	 377 	 676
9.143171	-1111 	 1414 	 15599	-7 	 -23 	 -800	-678 	 379 	 675
9.151482	-1150 	 1451 	 15766	-26 	 -45 	 -850	-677 	 375 	 673
9.160011	-1190 	 1422 	 15778	20 	 -56 	 -831	-677 	 375 	 672
9.168349	-1199 	 1373 	 15638	34 	 -42 	 -754	-676 	 375 	 672
9.176672	-1124 	 1416 	 15768	39 	 6 	 -815	-676 	 376 	 672
9.184984	-1187 	 1422 	 15686	15 	 -66 	 -768	-678 	 378 	 674
9.193228	-1170 	 1387 	 15703	-2 	 -51 	 -811	-678 	 375 	 670
9.201556	-1112 	 1434 	 15751	22 	 -29 	 -825	-678 	 375 	 670
9.20995	-1170 	 1436 	 15744	16 	 -20 	 -813	-675 	 377 	 669
9.218295	-1204 	 1369 	 15723	-11 	 -61 	 -812	-680 	 375 	 670
9.226646	-1137 	 1414 	 15787	13 	 -47 	 -841	-679 	 379 	 672
9.23491	-1158 	 1414 	 15663	27 	 -75 	 -798	-679 	 379 	 672
9.243239	-1135 	 1388 	 15658	40 	 -35 	 -856	-678 	 377 	 669
9.251528	-1176 	 1454 	 15787	2 	 -61 	 -848	-677 	 375 	 670
9.259746	-1136 	 1420 	 15687	65 	 -8 	 -782	-676 	 375 	 668
9.26825	-1167 	 1405 	 15697	67 	 -11 	 -807	-676 	 375 	 677
9.276507	-1197 	 1433 	 15737	100 	 -233 	 -800	-679 	 378 	 677
9.284791	-1180 	 1425 	 15709	33 	 -68 	 -771	-678 	 378 	 667
9.293023	-1160 	 1385 	 15773	41 	 -45 	 -845	-676 	 378 	 671
9.301308	-1184 	 1406 	 15680	48 	 -35 	 -810	-676 	 371 	 670
9.310115	-1122 	 1393 	 15643	244 	 -45 	 -831	-678 	 380 	 670
9.318678	-1212 	 1425 	 15779	73 	 -23 	 -777	-676 	 380 	 670
9.327154	-1203 	 1415 	 15702	1 	 -35 	 -796	-678 	 376 	 674
9.336714	-1149 	 1420 	 15666	17 	 -51 	 -764	-675 	 376 	 670
9.346622	-1197 	 1422 	 15685	22 	 -28 	 -795	-678 	 375 	 667
9.356334	-1162 	 1402 	 15671	-6 	 -50 	 -820	-682 	 374 	 671
9.36606	-1184 	 1416 	 15771	22 	 -26 	 -787	-682 	 374 	 677
9.375844	-1185 	 1415 	 15823	41 	 -16 	 -806	-680 	 376 	 677
9.385612	-1136 	 1415 	 15658	4 	 -23 	 -817	-679 	 378 	 677
9.39527	-1175 	 1405 	 15789	29 	 -6 	 -797	-676 	 377 	 674
9.404923	-1181 	 1407 	 15649	22 	 -54 	 -819	-678 	 376 	 668
9.414692	-1148 	 1392 	 15753	-7 	 -25 	 -806	-678 	 379 	 668
9.424495	-1195 	 1438 	 15824	36 	 -5 	 -815	-678 	 379 	 669
9.434285	-1173 	 1389 	 15622	-35 	 -71 	 -814	-678 	 378 	 669
9.443832	-1164 	 1406 	 15810	241 	 -83 	 -804	-680 	 378 	 667
9.453593	-1201 	 1430 	 15812	27 	 -57 	 -799	-674 	 375 	 664
9.463394	-1096 	 1397 	 15587	21 	 5 	 -789	-677 	 373 	 675
9.473142	-1205 	 1411 	 15814	23 	 -7 	 -852	-677 	 378 	 665
9.482853	-1138 	 1438 	 15735	-5 	 -27 	 -843	-677 	 372 	 662
9.492674	-1199 	 1388 	 15728	48 	 -19 	 -832	-678 	 372 	 662
