Time, Acc, GYR, Mag
0.472065	-69 	 153 	 1271	12 	 4 	 -129	-11 	 -2 	 498
0.481194	-80 	 141 	 1275	8 	 6 	 -121	-8 	 0 	 495
0.489967	-82 	 130 	 1273	13 	 7 	 -126	-8 	 0 	 495
0.49894	-73 	 150 	 1265	11 	 5 	 -120	-12 	 2 	 498
0.507912	-88 	 142 	 1303	15 	 4 	 -124	-12 	 4 	 494
0.516759	-77 	 146 	 1285	14 	 -3 	 -125	-12 	 4 	 494
0.525723	-75 	 145 	 1272	-4 	 5 	 -122	-13 	 1 	 505
0.534717	-70 	 137 	 1284	3 	 4 	 -123	-13 	 1 	 492
0.543523	-75 	 141 	 1274	13 	 3 	 -121	-13 	 -1 	 492
0.552831	-81 	 137 	 1276	6 	 2 	 -124	-12 	 1 	 497
0.561568	-71 	 133 	 1286	6 	 5 	 -125	-10 	 2 	 493
0.570553	-78 	 148 	 1266	9 	 2 	 -124	-11 	 1 	 496
0.57947	-81 	 146 	 1260	7 	 2 	 -122	-11 	 -255 	 495
0.588262	-88 	 145 	 1273	10 	 1 	 -123	-10 	 -2 	 495
0.597273	-73 	 143 	 1529	10 	 5 	 -128	-11 	 -2 	 495
0.606123	-88 	 140 	 1264	5 	 4 	 -125	-11 	 3 	 496
0.614877	-80 	 151 	 1284	5 	 -2 	 -122	-12 	 2 	 487
0.623617	-78 	 132 	 1246	6 	 3 	 -122	-12 	 2 	 496
0.632414	-74 	 142 	 1258	-2 	 2 	 -125	-17 	 1 	 496
0.641417	-76 	 146 	 1279	4 	 1 	 -120	-11 	 -5 	 492
0.65033	-87 	 132 	 1282	8 	 1 	 -127	-11 	 5 	 499
0.65917	-74 	 145 	 1268	7 	 -2 	 -122	-13 	 1 	 496
0.66843	-88 	 142 	 1288	9 	 -1 	 -122	-13 	 -255 	 498
0.677334	-63 	 134 	 1254	13 	 8 	 -128	-10 	 -1 	 498
0.686232	-68 	 149 	 1285	6 	 8 	 -126	-11 	 0 	 504
0.695329	-69 	 138 	 1276	6 	 -5 	 -125	-14 	 -4 	 498
0.70429	-78 	 152 	 1280	7 	 1 	 -126	-12 	 3 	 494
0.713262	-79 	 154 	 1277	12 	 1 	 -124	-12 	 -253 	 496
0.722445	-70 	 140 	 1263	8 	 3 	 -128	-14 	 -1 	 496
0.731357	-69 	 138 	 1278	14 	 2 	 -127	-10 	 0 	 498
0.740217	-69 	 149 	 1291	14 	 7 	 -121	-12 	 -2 	 494
0.74929	-68 	 133 	 1276	16 	 3 	 -125	-8 	 7 	 496
0.758155	-88 	 136 	 1270	20 	 2 	 -127	-8 	 0 	 491
0.766904	-79 	 140 	 1285	1 	 -1 	 -124	-11 	 0 	 491
0.776031	-65 	 136 	 1276	7 	 -3 	 -122	-10 	 2 	 501
0.784987	-82 	 146 	 1294	13 	 6 	 -127	-11 	 0 	 491
0.793888	-76 	 144 	 1295	2 	 2 	 -125	-10 	 -2 	 492
0.802914	-70 	 145 	 1268	17 	 2 	 -119	-10 	 -2 	 500
0.811715	-79 	 147 	 1282	18 	 6 	 -127	-8 	 -2 	 500
0.820478	-82 	 138 	 1250	1 	 1 	 -130	-14 	 -1 	 496
0.829093	-77 	 156 	 1288	4 	 6 	 -127	-10 	 1 	 500
0.838189	-84 	 142 	 1292	11 	 -1 	 -127	-9 	 -3 	 499
0.847037	-81 	 135 	 1283	5 	 0 	 -129	-9 	 -1 	 501
0.855879	-80 	 140 	 1301	12 	 9 	 -124	-15 	 -1 	 501
0.865169	-83 	 133 	 1288	8 	 2 	 -122	-15 	 4 	 503
0.874077	-69 	 136 	 1294	8 	 3 	 -125	-15 	 2 	 492
0.882815	-76 	 140 	 1261	20 	 4 	 -124	-8 	 -2 	 487
0.891687	-75 	 143 	 1032	10 	 0 	 -124	-8 	 3 	 496
0.90061	-73 	 145 	 1282	10 	 2 	 -121	-13 	 3 	 496
0.909561	-82 	 136 	 1272	7 	 3 	 -125	-14 	 1 	 500
0.918485	-73 	 135 	 1263	1 	 3 	 -125	-11 	 0 	 497
0.927374	-78 	 139 	 1280	7 	 6 	 -124	-13 	 -2 	 497
0.936368	-83 	 142 	 1289	11 	 6 	 -122	-13 	 -5 	 498
0.945272	-86 	 142 	 1259	8 	 2 	 -125	-11 	 -5 	 498
0.954013	-69 	 140 	 1270	13 	 8 	 -124	-15 	 -1 	 495
0.962824	-90 	 122 	 1301	15 	 5 	 -128	-13 	 2 	 495
0.971866	-68 	 146 	 1249	9 	 0 	 -122	-11 	 2 	 497
0.980794	-80 	 140 	 1528	15 	 3 	 -126	-11 	 -2 	 497
0.989788	-71 	 143 	 1275	9 	 1 	 -124	-14 	 -2 	 497
0.998902	-84 	 142 	 1258	6 	 1 	 -124	-13 	 0 	 495
1.007854	-72 	 123 	 1266	5 	 -3 	 -125	-12 	 2 	 493
1.016781	-70 	 147 	 1252	10 	 0 	 -121	-13 	 5 	 494
1.025665	-66 	 140 	 1530	10 	 4 	 -126	-13 	 4 	 491
1.034591	-74 	 147 	 1281	14 	 7 	 -121	-10 	 4 	 491
1.043531	-85 	 124 	 1259	4 	 1 	 -123	-13 	 2 	 494
1.052452	-78 	 137 	 1259	11 	 5 	 -129	-7 	 -1 	 498
1.061587	-73 	 136 	 1296	6 	 -2 	 -125	-12 	 1 	 492
1.070391	-82 	 128 	 1269	0 	 3 	 -119	-13 	 6 	 496
1.07932	-70 	 140 	 1272	9 	 7 	 -123	-13 	 6 	 496
1.088361	-70 	 143 	 1279	10 	 0 	 -122	-10 	 2 	 495
1.09723	-70 	 143 	 1277	7 	 5 	 -122	-12 	 -1 	 496
1.106149	-80 	 147 	 1270	16 	 3 	 -129	-13 	 1 	 497
1.115304	-86 	 132 	 1252	10 	 -1 	 -123	-14 	 1 	 499
1.124246	-80 	 132 	 1261	13 	 6 	 -125	-14 	 1 	 497
1.133224	-87 	 152 	 1258	4 	 6 	 -128	-12 	 3 	 497
1.14205	-80 	 150 	 1278	1 	 1 	 -127	-12 	 0 	 489
1.15117	-74 	 143 	 1263	10 	 6 	 -128	-10 	 3 	 490
1.159904	-81 	 151 	 1255	9 	 -1 	 -123	-11 	 1 	 497
1.168737	-72 	 146 	 1254	1 	 -1 	 -124	-11 	 1 	 498
1.177479	-64 	 131 	 1267	11 	 0 	 -121	-12 	 4 	 498
1.186424	-81 	 143 	 1274	8 	 0 	 -125	-10 	 -2 	 499
1.195347	-71 	 139 	 1255	15 	 0 	 -127	-11 	 0 	 500
1.204287	-80 	 153 	 1281	19 	 0 	 -128	-13 	 1 	 506
1.213142	-86 	 143 	 1283	-1 	 0 	 -124	-13 	 1 	 493
1.222089	-69 	 140 	 1258	6 	 4 	 -128	-13 	 1 	 493
1.231039	-77 	 146 	 1285	6 	 -3 	 -125	-13 	 0 	 483
1.239748	-79 	 138 	 1250	6 	 -3 	 -123	-11 	 -1 	 496
1.24859	-78 	 133 	 1254	12 	 2 	 -118	-13 	 -1 	 495
1.257564	-70 	 144 	 1256	7 	 6 	 -120	-13 	 -1 	 497
1.266373	-89 	 138 	 1289	11 	 7 	 -126	-12 	 1 	 497
1.275356	-70 	 142 	 1286	6 	 8 	 -124	-11 	 3 	 487
1.284392	-70 	 146 	 1278	8 	 0 	 -121	-11 	 1 	 501
1.293119	-72 	 135 	 1276	15 	 2 	 -124	-11 	 2 	 494
1.302124	-86 	 151 	 1271	13 	 2 	 -125	-11 	 2 	 491
1.311057	-78 	 131 	 1271	10 	 3 	 -126	-12 	 1 	 491
1.319879	-73 	 148 	 1280	6 	 2 	 -126	-12 	 2 	 495
1.328947	-90 	 137 	 1282	7 	 -250 	 -124	-14 	 2 	 500
1.337935	-84 	 133 	 1283	6 	 -7 	 -128	-10 	 3 	 493
1.346896	-75 	 146 	 1275	6 	 252 	 -120	-10 	 3 	 493
1.35577	-75 	 145 	 1261	10 	 6 	 -116	-10 	 3 	 493
1.364637	-73 	 149 	 1031	9 	 -1 	 -125	-13 	 0 	 497
1.373385	-65 	 137 	 1270	8 	 2 	 -124	-14 	 4 	 497
1.382176	-77 	 138 	 1268	11 	 5 	 -130	-16 	 -1 	 498
1.391312	-88 	 146 	 1253	2 	 3 	 -128	-16 	 -1 	 490
1.400361	-81 	 131 	 1301	11 	 10 	 -130	-12 	 -3 	 490
1.40936	-76 	 141 	 1051	16 	 4 	 -128	-10 	 0 	 500
1.418305	-70 	 139 	 1267	15 	 -1 	 -126	-11 	 0 	 493
1.426966	-92 	 138 	 1281	15 	 5 	 -121	-14 	 2 	 491
1.435706	-69 	 142 	 1278	4 	 1 	 -120	-14 	 2 	 498
1.444471	-78 	 145 	 1273	8 	 6 	 -124	-14 	 1 	 498
1.453598	-87 	 146 	 1272	15 	 3 	 -126	-11 	 1 	 504
1.462371	-80 	 128 	 1290	10 	 3 	 -125	-14 	 2 	 498
1.471279	-80 	 145 	 1270	8 	 -1 	 -123	-14 	 3 	 490
1.480267	-70 	 130 	 1288	9 	 -2 	 -126	-14 	 3 	 487
1.489146	-78 	 149 	 1269	15 	 0 	 -125	-14 	 0 	 487
1.498014	-81 	 148 	 1510	14 	 -2 	 -118	-11 	 -1 	 497
1.507151	-70 	 137 	 1274	6 	 -5 	 -123	-17 	 4 	 496
1.516163	-77 	 141 	 1266	9 	 -2 	 -122	-12 	 1 	 496
1.525199	-76 	 147 	 1282	12 	 0 	 -123	-12 	 1 	 493
1.534036	-74 	 142 	 1270	16 	 1 	 -126	-11 	 0 	 493
1.543136	-63 	 144 	 1278	9 	 -3 	 -127	-16 	 2 	 490
1.552021	-72 	 133 	 1271	13 	 9 	 -122	-14 	 -4 	 497
1.560887	-80 	 148 	 1273	12 	 -5 	 -122	-13 	 0 	 506
1.569722	-71 	 136 	 1256	16 	 4 	 -123	-13 	 0 	 496
1.578672	-80 	 146 	 1293	16 	 8 	 -124	-13 	 3 	 496
1.587394	-80 	 140 	 1286	12 	 -252 	 -130	-15 	 0 	 510
1.596266	-84 	 136 	 1267	7 	 1 	 -130	-9 	 4 	 486
1.605351	-87 	 139 	 1295	18 	 3 	 -127	-8 	 1 	 485
1.61444	-75 	 138 	 1269	4 	 5 	 -126	-8 	 -1 	 501
1.623613	-70 	 138 	 1279	5 	 3 	 -123	-13 	 -1 	 501
1.632542	-83 	 131 	 1281	9 	 5 	 -128	-5 	 2 	 494
1.641425	-75 	 139 	 1276	10 	 6 	 -123	-10 	 1 	 488
1.650295	-79 	 153 	 1273	7 	 7 	 -124	-13 	 -4 	 492
1.659027	-86 	 142 	 1279	10 	 5 	 -122	-13 	 -1 	 500
1.667984	-86 	 140 	 1259	1 	 2 	 -125	-11 	 -1 	 500
1.677171	-68 	 135 	 1276	4 	 6 	 -124	-12 	 3 	 497
1.686212	-78 	 140 	 1282	14 	 -4 	 -122	-10 	 -2 	 497
1.695058	-68 	 147 	 1271	14 	 7 	 -125	-9 	 0 	 490
1.703587	-77 	 137 	 1261	13 	 6 	 -124	-9 	 -2 	 492
1.712494	-73 	 138 	 1272	3 	 5 	 -123	-10 	 -2 	 492
1.721534	-65 	 133 	 1272	8 	 5 	 -125	-14 	 1 	 495
1.730615	-83 	 138 	 1276	12 	 9 	 -123	-13 	 1 	 491
1.739627	-77 	 153 	 1274	8 	 6 	 -130	-12 	 -1 	 488
1.748542	-82 	 140 	 1265	10 	 -1 	 -129	-12 	 -1 	 493
1.757455	-72 	 149 	 1268	7 	 1 	 -124	-12 	 -1 	 493
1.766511	-77 	 144 	 1261	6 	 -3 	 -125	-11 	 -2 	 486
1.775366	-84 	 142 	 1278	7 	 -3 	 -125	-11 	 2 	 495
1.784502	-57 	 135 	 1296	16 	 5 	 -124	-14 	 3 	 496
1.793563	-91 	 133 	 1275	6 	 4 	 -122	-10 	 2 	 500
1.802394	-71 	 139 	 1275	8 	 2 	 -120	-10 	 2 	 493
1.81135	-80 	 146 	 1273	12 	 4 	 -128	-9 	 -2 	 493
1.820349	-69 	 145 	 1279	6 	 3 	 -125	-13 	 -1 	 486
1.82955	-64 	 159 	 1277	9 	 3 	 -124	-13 	 4 	 492
1.838375	-72 	 136 	 1270	8 	 4 	 -128	-10 	 2 	 490
1.847209	-78 	 148 	 1276	12 	 1 	 -124	-10 	 2 	 492
1.856191	-81 	 135 	 1271	5 	 -3 	 -126	-12 	 1 	 492
1.865154	-66 	 141 	 1262	14 	 0 	 -125	-11 	 -3 	 490
1.873891	-71 	 142 	 1286	10 	 -1 	 -124	-14 	 0 	 495
1.882616	-67 	 149 	 1285	11 	 3 	 -126	-12 	 2 	 498
1.891599	-71 	 139 	 1268	19 	 3 	 -125	-12 	 2 	 493
1.900607	-84 	 135 	 1283	6 	 4 	 -122	-9 	 0 	 493
1.909474	-82 	 137 	 1024	11 	 1 	 -122	-12 	 -1 	 504
1.918378	-69 	 130 	 1279	3 	 0 	 -124	-12 	 2 	 495
1.927294	-85 	 134 	 1262	6 	 -1 	 -126	-11 	 1 	 498
1.936257	-72 	 133 	 1282	5 	 0 	 -121	-11 	 1 	 496
1.945168	-58 	 132 	 1249	10 	 4 	 -125	-8 	 4 	 496
1.954272	-73 	 149 	 1274	10 	 4 	 -130	-11 	 3 	 491
1.963955	-71 	 140 	 1277	11 	 0 	 -124	-11 	 1 	 495
1.97261	-91 	 137 	 1287	14 	 -2 	 -124	-13 	 1 	 489
1.981555	-71 	 130 	 1274	14 	 3 	 -126	-13 	 0 	 501
1.990479	-89 	 139 	 1291	13 	 -3 	 -131	-15 	 0 	 501
1.999404	-76 	 141 	 1274	6 	 -1 	 -131	-9 	 2 	 487
2.008371	-86 	 143 	 1275	10 	 -2 	 -126	-13 	 -1 	 493
2.017335	-78 	 131 	 1289	10 	 3 	 -124	-11 	 0 	 491
2.026196	-74 	 150 	 1261	11 	 6 	 -125	-11 	 0 	 488
2.034925	-88 	 139 	 1301	5 	 1 	 -127	-11 	 0 	 488
2.043753	-70 	 150 	 1274	12 	 0 	 -122	-11 	 2 	 497
2.052781	-64 	 137 	 1270	11 	 3 	 -123	-13 	 -1 	 497
2.06172	-90 	 143 	 1275	11 	 0 	 -118	-14 	 1 	 502
2.070766	-71 	 151 	 1269	5 	 7 	 -125	-14 	 4 	 495
2.079818	-73 	 138 	 1259	7 	 6 	 -121	-11 	 4 	 495
2.088751	-85 	 144 	 1275	252 	 1 	 -128	-11 	 4 	 495
2.097723	-76 	 144 	 1272	10 	 3 	 -127	-13 	 5 	 491
2.106659	-81 	 143 	 1281	15 	 2 	 -124	-9 	 -2 	 495
2.115367	-70 	 139 	 1279	12 	 6 	 -125	-9 	 0 	 492
2.124596	-73 	 143 	 1268	11 	 9 	 -125	-12 	 0 	 492
2.133493	-75 	 141 	 1274	11 	 7 	 -125	-13 	 3 	 495
2.142353	-70 	 137 	 1270	4 	 5 	 -123	-10 	 2 	 497
2.15133	-70 	 135 	 1270	9 	 7 	 -127	-13 	 0 	 499
2.160263	-72 	 147 	 1029	15 	 3 	 -123	-13 	 1 	 498
2.169115	-65 	 152 	 1263	2 	 5 	 -125	-11 	 1 	 498
2.178113	-66 	 145 	 1278	11 	 3 	 -124	-12 	 1 	 489
2.186896	-72 	 141 	 1270	10 	 0 	 -126	-13 	 2 	 491
2.195715	-85 	 140 	 1270	9 	 1 	 -121	-11 	 3 	 489
2.204613	-84 	 134 	 1522	12 	 -2 	 -120	-11 	 -4 	 498
2.213441	-70 	 148 	 1297	8 	 1 	 -123	-11 	 -4 	 498
2.222289	-76 	 148 	 1272	6 	 -1 	 -127	-12 	 1 	 495
2.231317	-66 	 145 	 1271	16 	 6 	 -125	-12 	 3 	 501
2.240486	-82 	 140 	 1277	6 	 -256 	 -123	-10 	 2 	 499
2.249183	-73 	 137 	 1273	15 	 0 	 -129	-10 	 0 	 497
2.25797	-61 	 139 	 1274	18 	 3 	 -129	-9 	 0 	 497
2.266874	-70 	 146 	 1271	10 	 6 	 -125	-12 	 -3 	 499
2.275649	-89 	 133 	 1300	16 	 2 	 -124	-12 	 4 	 493
2.284482	-73 	 153 	 1253	7 	 -3 	 -124	-10 	 5 	 493
2.293551	-72 	 135 	 1269	7 	 3 	 -126	-10 	 0 	 490
2.302419	-78 	 144 	 1276	1 	 3 	 -124	-10 	 0 	 490
2.31124	-81 	 150 	 1284	5 	 10 	 -123	-12 	 -5 	 490
2.320245	-78 	 137 	 1272	6 	 13 	 -120	-8 	 0 	 498
2.329149	-63 	 146 	 1256	1 	 4 	 -126	-13 	 -1 	 497
2.337913	-84 	 154 	 1283	8 	 -1 	 -125	-13 	 -4 	 492
2.346893	-83 	 136 	 1270	0 	 7 	 -126	-10 	 -4 	 492
2.355731	-81 	 143 	 1290	14 	 6 	 -124	-13 	 0 	 494
2.364503	-75 	 148 	 1273	9 	 3 	 -121	-12 	 1 	 490
2.37339	-62 	 135 	 1253	3 	 4 	 -126	-14 	 3 	 494
2.382247	-65 	 145 	 1028	8 	 -2 	 -124	-14 	 1 	 488
2.391102	-71 	 144 	 1266	8 	 1 	 -130	-11 	 1 	 488
2.399994	-82 	 138 	 1265	14 	 3 	 -128	-10 	 1 	 495
2.408741	-75 	 142 	 1299	15 	 8 	 -124	-12 	 -3 	 493
2.417838	-80 	 143 	 1266	10 	 -2 	 -125	-10 	 0 	 497
2.426596	-91 	 137 	 1535	10 	 -2 	 -118	-10 	 -4 	 491
2.435359	-88 	 153 	 1273	10 	 -6 	 -120	-13 	 -4 	 491
2.444387	-83 	 138 	 1254	7 	 -4 	 -126	-12 	 -2 	 491
2.453231	-83 	 136 	 1262	0 	 1 	 -127	-13 	 -1 	 491
2.462206	-76 	 135 	 1263	7 	 0 	 -124	-14 	 -2 	 496
2.471129	-73 	 138 	 1261	11 	 2 	 -122	-14 	 -2 	 494
2.480066	-57 	 139 	 1273	19 	 2 	 -123	-9 	 -2 	 494
2.489009	-86 	 138 	 1268	4 	 -2 	 -124	-15 	 0 	 491
2.497969	-79 	 136 	 1261	17 	 1 	 -127	-10 	 1 	 495
2.507174	-85 	 139 	 1276	14 	 0 	 -122	-9 	 -1 	 493
2.516462	-75 	 140 	 1259	11 	 1 	 -126	-9 	 -1 	 497
2.52519	-95 	 147 	 1285	10 	 9 	 -122	-9 	 -1 	 497
2.534206	-85 	 136 	 1279	8 	 2 	 -122	-13 	 0 	 491
2.543162	-94 	 140 	 1268	2 	 -2 	 -126	-11 	 2 	 501
2.551869	-74 	 140 	 1286	11 	 2 	 -132	-15 	 1 	 493
2.560706	-78 	 145 	 1273	9 	 1 	 -123	-10 	 -2 	 495
2.569723	-79 	 136 	 1271	11 	 1 	 -123	-10 	 -2 	 495
2.578478	-84 	 145 	 1260	11 	 3 	 -123	-14 	 1 	 494
2.58727	-77 	 134 	 1276	9 	 6 	 -122	-12 	 0 	 483
2.596103	-64 	 141 	 1255	14 	 4 	 -127	-13 	 1 	 490
2.605146	-59 	 150 	 1280	22 	 7 	 -126	-14 	 -1 	 497
2.614068	-73 	 134 	 1267	14 	 5 	 -120	-14 	 -1 	 497
2.622836	-85 	 144 	 1287	9 	 5 	 -123	-12 	 0 	 494
2.63194	-82 	 135 	 1284	14 	 -2 	 -122	-12 	 0 	 496
2.640899	-78 	 130 	 1266	-4 	 4 	 -129	-12 	 -1 	 500
2.649684	-64 	 142 	 1292	6 	 2 	 -125	-13 	 1 	 494
2.658469	-77 	 144 	 1261	5 	 5 	 -128	-13 	 1 	 494
2.667414	-79 	 129 	 1277	10 	 5 	 -124	-11 	 2 	 492
2.676424	-65 	 142 	 1277	15 	 3 	 -126	-10 	 0 	 488
2.685712	-82 	 141 	 1264	4 	 -3 	 -122	-14 	 1 	 494
2.69454	-75 	 134 	 1270	7 	 5 	 -126	-15 	 2 	 490
2.703418	-73 	 132 	 1271	10 	 6 	 -128	-15 	 2 	 485
2.712332	-71 	 138 	 1251	14 	 -3 	 -129	-13 	 2 	 485
2.721212	-76 	 148 	 1272	11 	 3 	 -128	-11 	 -2 	 493
2.73011	-79 	 147 	 1275	5 	 3 	 -126	-13 	 3 	 493
2.739268	-88 	 143 	 1262	9 	 7 	 -124	-12 	 1 	 494
2.748045	-67 	 151 	 1250	12 	 1 	 -123	-12 	 1 	 491
2.757093	-80 	 136 	 1276	8 	 6 	 -127	-14 	 -2 	 491
2.765932	-73 	 135 	 1280	11 	 6 	 -120	-12 	 1 	 500
2.774888	-83 	 130 	 1282	21 	 2 	 -120	-13 	 -1 	 497
2.783951	-68 	 139 	 1276	11 	 4 	 -125	-10 	 4 	 493
2.792884	-90 	 136 	 1275	5 	 0 	 -124	-10 	 4 	 495
2.801801	-73 	 147 	 1290	10 	 8 	 -124	-11 	 2 	 495
2.810757	-71 	 136 	 1268	4 	 0 	 -124	-11 	 2 	 495
2.819581	-57 	 138 	 1253	13 	 5 	 -124	-14 	 0 	 496
2.828428	-66 	 150 	 1282	12 	 2 	 -120	-12 	 1 	 501
2.837332	-80 	 141 	 1254	8 	 4 	 -127	-12 	 1 	 489
2.846296	-69 	 146 	 1291	19 	 2 	 -128	-13 	 2 	 489
2.855423	-79 	 147 	 1534	8 	 2 	 -124	-13 	 3 	 499
2.864314	-87 	 146 	 1267	4 	 0 	 -126	-11 	 -3 	 495
2.873305	-73 	 143 	 1253	12 	 9 	 -126	-15 	 4 	 496
2.882185	-79 	 145 	 1290	9 	 1 	 -123	-15 	 4 	 488
2.891109	-74 	 137 	 1291	15 	 8 	 -130	-12 	 1 	 488
2.900121	-84 	 134 	 1032	16 	 6 	 -123	-11 	 4 	 486
2.908969	-78 	 146 	 1273	13 	 7 	 -124	-12 	 2 	 490
2.918075	-75 	 146 	 1272	10 	 7 	 -129	-11 	 0 	 485
2.926935	-66 	 145 	 1281	14 	 2 	 -129	-11 	 0 	 490
2.935607	-72 	 129 	 1272	18 	 0 	 -120	-11 	 0 	 490
2.944528	-77 	 134 	 1277	18 	 5 	 -124	-13 	 5 	 497
2.953469	-65 	 143 	 1272	7 	 2 	 -124	-11 	 1 	 508
2.962547	-61 	 140 	 1249	7 	 6 	 -127	-13 	 -2 	 494
2.97142	-71 	 137 	 1277	15 	 5 	 -127	-13 	 -1 	 501
2.980218	-75 	 142 	 1283	8 	 0 	 -123	-15 	 -1 	 501
2.989089	-95 	 140 	 1283	14 	 5 	 -125	-15 	 -2 	 497
2.997976	-68 	 143 	 1293	14 	 7 	 -128	-11 	 -1 	 499
3.006715	-79 	 135 	 1256	9 	 1 	 -128	-12 	 2 	 497
3.015549	-78 	 137 	 1299	11 	 7 	 -122	-12 	 -254 	 494
3.024759	-67 	 138 	 1276	12 	 0 	 -122	-12 	 -4 	 494
3.033611	-96 	 144 	 1271	9 	 -5 	 -122	-10 	 2 	 498
3.042606	-84 	 139 	 1271	14 	 2 	 -123	-15 	 1 	 496
3.051909	-82 	 144 	 1271	11 	 6 	 -125	-11 	 0 	 487
3.060674	-62 	 141 	 1512	6 	 11 	 -120	-11 	 -4 	 497
3.069396	-78 	 133 	 1287	10 	 4 	 -127	-12 	 -4 	 497
3.078434	-75 	 147 	 1270	10 	 2 	 -129	-14 	 0 	 489
3.087431	-71 	 146 	 1269	11 	 2 	 -123	-12 	 0 	 498
3.096221	-88 	 139 	 1274	10 	 0 	 -122	-13 	 1 	 482
3.105058	-67 	 140 	 1518	9 	 248 	 -127	-13 	 2 	 484
3.113964	-62 	 148 	 1265	11 	 2 	 -123	-8 	 2 	 484
3.122898	-71 	 145 	 1278	9 	 4 	 -124	-12 	 -2 	 491
3.131771	-71 	 143 	 1260	5 	 1 	 -128	-13 	 2 	 492
3.140689	-72 	 147 	 1285	3 	 2 	 -119	-14 	 0 	 484
3.149531	-78 	 139 	 1031	5 	 7 	 -127	-14 	 4 	 493
3.15832	-77 	 144 	 1255	2 	 -3 	 -123	-11 	 4 	 493
3.167143	-78 	 141 	 1278	5 	 5 	 -125	-10 	 -3 	 493
3.176645	-91 	 132 	 1245	7 	 1 	 -130	-11 	 0 	 497
3.187064	-83 	 148 	 1286	15 	 6 	 -128	-13 	 0 	 496
3.197637	-61 	 134 	 1252	6 	 -252 	 -121	-11 	 -2 	 493
3.208358	-72 	 140 	 1282	8 	 2 	 -123	-11 	 -2 	 504
3.218949	-48 	 141 	 1237	11 	 4 	 -121	-11 	 2 	 492
3.229287	-76 	 147 	 1272	10 	 2 	 -126	-13 	 7 	 491
3.239887	-75 	 139 	 1280	12 	 5 	 -125	-11 	 3 	 501
3.250333	-90 	 137 	 1299	11 	 2 	 -120	-12 	 0 	 499
3.260778	-73 	 138 	 1267	7 	 2 	 -127	-11 	 -1 	 498
3.270387	-77 	 146 	 1281	14 	 -1 	 -126	-12 	 2 	 504
3.279581	-71 	 146 	 1261	5 	 4 	 -128	-12 	 2 	 504
3.288214	-75 	 145 	 1278	13 	 8 	 -126	-11 	 0 	 494
3.297394	-72 	 143 	 1281	9 	 7 	 -124	-10 	 -5 	 495
3.306326	-82 	 139 	 1276	16 	 1 	 -129	-12 	 2 	 499
3.314981	-74 	 147 	 1277	11 	 -1 	 -120	-9 	 -1 	 495
3.324105	-83 	 141 	 1275	4 	 -2 	 -128	-9 	 -1 	 496
3.333113	-70 	 148 	 1288	9 	 2 	 -125	-11 	 -2 	 496
3.34203	-87 	 141 	 1507	16 	 5 	 -123	-11 	 4 	 493
3.351016	-84 	 140 	 1277	12 	 0 	 -122	-13 	 -1 	 500
3.359734	-75 	 132 	 1275	12 	 3 	 -120	-13 	 1 	 491
3.368765	-77 	 137 	 1276	10 	 -253 	 -124	-13 	 1 	 497
3.377765	-82 	 136 	 1260	7 	 -4 	 -127	-11 	 2 	 497
3.386719	-81 	 146 	 1038	17 	 255 	 -126	-10 	 -1 	 493
3.39573	-74 	 148 	 1268	15 	 5 	 -126	-11 	 1 	 498
3.404708	-67 	 127 	 1274	3 	 2 	 -125	-12 	 -2 	 492
3.413621	-90 	 145 	 1262	9 	 1 	 -125	-12 	 254 	 497
3.422599	-82 	 139 	 1276	16 	 -1 	 -126	-11 	 0 	 497
3.431375	-71 	 144 	 1275	9 	 4 	 -124	-9 	 1 	 493
3.440394	-85 	 138 	 1280	15 	 1 	 -126	-9 	 1 	 501
3.449252	-72 	 149 	 1287	13 	 0 	 -122	-12 	 -1 	 490
3.45811	-84 	 139 	 1275	11 	 2 	 -130	-12 	 -1 	 498
3.466997	-73 	 135 	 1284	14 	 2 	 -123	-11 	 -1 	 498
3.476144	-90 	 140 	 1032	10 	 1 	 -120	-10 	 3 	 492
3.485072	-70 	 140 	 1272	7 	 -1 	 -124	-11 	 3 	 492
3.493923	-87 	 149 	 1286	9 	 1 	 -129	-11 	 1 	 493
3.503174	-96 	 123 	 1277	18 	 3 	 -128	-11 	 -255 	 503
3.512004	-73 	 132 	 1263	16 	 7 	 -123	-11 	 -2 	 503
3.520962	-81 	 148 	 1289	15 	 3 	 -117	-14 	 0 	 492
3.529947	-79 	 131 	 1263	8 	 1 	 -129	-8 	 1 	 495
3.538788	-78 	 145 	 1289	10 	 9 	 -123	-11 	 -3 	 496
3.547523	-75 	 139 	 1272	6 	 -1 	 -125	-11 	 -3 	 495
3.55666	-86 	 139 	 1268	8 	 -3 	 -121	-13 	 -3 	 495
3.565604	-64 	 146 	 1268	9 	 -3 	 -128	-13 	 0 	 490
3.574409	-74 	 145 	 1272	5 	 -8 	 -123	-11 	 3 	 498
3.583241	-84 	 147 	 1287	9 	 2 	 -126	-10 	 1 	 491
3.592352	-78 	 137 	 1258	9 	 7 	 -129	-10 	 1 	 500
3.601158	-63 	 141 	 1265	10 	 2 	 -132	-9 	 1 	 500
3.610233	-71 	 139 	 1292	5 	 6 	 -125	-11 	 0 	 499
3.619117	-72 	 151 	 1274	12 	 3 	 -126	-12 	 -1 	 493
3.627808	-75 	 141 	 1269	11 	 6 	 -128	-11 	 1 	 499
3.636853	-74 	 151 	 1279	14 	 -3 	 -121	-11 	 -3 	 488
3.645767	-75 	 138 	 1245	8 	 1 	 -121	-15 	 -3 	 488
3.654383	-72 	 135 	 1259	6 	 -1 	 -121	-10 	 0 	 488
3.663155	-70 	 145 	 1284	7 	 3 	 -122	-14 	 0 	 492
3.672074	-63 	 140 	 1260	1 	 3 	 -122	-16 	 0 	 498
3.680944	-70 	 140 	 1271	13 	 7 	 -127	-16 	 -256 	 500
3.690123	-64 	 140 	 1290	4 	 3 	 -128	-9 	 -1 	 500
3.69902	-73 	 137 	 1253	-2 	 3 	 -123	-11 	 -3 	 491
3.707843	-75 	 148 	 1290	15 	 2 	 -121	-15 	 -3 	 494
3.716948	-67 	 149 	 1285	12 	 2 	 -118	-13 	 6 	 489
3.725872	-82 	 151 	 1269	9 	 0 	 -124	-13 	 0 	 496
3.734692	-75 	 141 	 1275	13 	 -1 	 -123	-11 	 0 	 496
3.743787	-91 	 140 	 1247	15 	 0 	 -129	-11 	 -1 	 497
3.75265	-82 	 139 	 1267	18 	 6 	 -122	-12 	 -3 	 496
3.761597	-81 	 139 	 1277	13 	 0 	 -120	-10 	 1 	 494
3.770525	-75 	 140 	 1265	-2 	 0 	 -126	-10 	 0 	 495
3.77945	-75 	 147 	 1268	11 	 4 	 -125	-14 	 0 	 495
3.788487	-61 	 137 	 1257	2 	 -2 	 -124	-12 	 2 	 500
3.797351	-86 	 137 	 1280	8 	 -2 	 -122	-10 	 0 	 493
3.806264	-91 	 144 	 1263	12 	 1 	 -124	-10 	 1 	 495
3.8152	-80 	 144 	 1256	8 	 -2 	 -126	-12 	 1 	 498
3.82405	-69 	 135 	 1268	7 	 3 	 -124	-12 	 1 	 498
3.833225	-75 	 152 	 1267	8 	 0 	 -125	-11 	 1 	 491
3.842218	-79 	 143 	 1260	3 	 0 	 -129	-12 	 -1 	 499
3.851093	-70 	 143 	 1292	3 	 1 	 -125	-13 	 0 	 498
3.859905	-72 	 143 	 1285	10 	 2 	 -126	-13 	 1 	 499
3.86848	-71 	 138 	 1275	1 	 2 	 -128	-13 	 1 	 499
3.877647	-90 	 144 	 1271	8 	 5 	 -127	-11 	 1 	 490
3.886561	-79 	 145 	 1273	7 	 2 	 -118	-13 	 0 	 492
3.895734	-66 	 135 	 1253	8 	 -1 	 -123	-10 	 0 	 498
3.904559	-82 	 138 	 1283	12 	 7 	 -128	-12 	 -1 	 495
3.913498	-84 	 141 	 1291	6 	 3 	 -122	-12 	 -1 	 490
3.922432	-88 	 135 	 1266	10 	 1 	 -124	-11 	 -1 	 490
3.931379	-70 	 137 	 1289	19 	 10 	 -126	-11 	 1 	 492
3.940204	-65 	 143 	 1287	8 	 9 	 -122	-8 	 3 	 492
3.949467	-72 	 144 	 1256	14 	 2 	 -123	-10 	 2 	 495
3.958391	-79 	 135 	 1312	13 	 5 	 -126	-10 	 2 	 487
3.967373	-68 	 128 	 1265	5 	 3 	 -122	-11 	 0 	 487
3.976233	-72 	 139 	 1275	12 	 10 	 -120	-12 	 -2 	 491
3.985027	-75 	 145 	 1272	15 	 1 	 -126	-9 	 0 	 498
3.993795	-74 	 149 	 1267	7 	 6 	 -122	-9 	 -2 	 501
4.002559	-79 	 145 	 1269	1 	 5 	 -124	-9 	 -2 	 492
4.011238	-65 	 135 	 1264	16 	 5 	 -120	-13 	 -1 	 492
4.020415	-79 	 140 	 1268	14 	 4 	 -118	-9 	 -2 	 499
4.029421	-69 	 148 	 1276	20 	 8 	 -124	-15 	 1 	 491
4.038343	-76 	 142 	 1248	12 	 0 	 -123	-9 	 3 	 495
4.047249	-84 	 131 	 1284	6 	 8 	 -128	-9 	 3 	 496
4.056348	-83 	 140 	 1305	11 	 9 	 -122	-11 	 0 	 496
4.065264	-67 	 145 	 1028	8 	 4 	 -120	-13 	 -4 	 494
4.074194	-85 	 137 	 1282	15 	 9 	 -126	-13 	 2 	 489
4.083154	-79 	 140 	 1257	15 	 5 	 -124	-14 	 3 	 491
4.091884	-86 	 155 	 1283	8 	 5 	 -122	-14 	 3 	 498
4.100648	-70 	 138 	 1247	6 	 3 	 -126	-13 	 2 	 498
4.109513	-72 	 141 	 1283	3 	 -2 	 -125	-11 	 -4 	 493
4.118667	-85 	 140 	 1278	11 	 6 	 -127	-12 	 0 	 495
4.128616	-78 	 134 	 1281	17 	 2 	 -125	-11 	 6 	 491
4.137316	-79 	 144 	 1267	13 	 -6 	 -118	-11 	 1 	 492
4.14616	-81 	 149 	 1285	9 	 5 	 -128	-10 	 1 	 492
4.155063	-83 	 147 	 1269	10 	 5 	 -128	-13 	 0 	 490
4.163953	-68 	 133 	 1266	10 	 7 	 -128	-9 	 1 	 495
4.172842	-87 	 143 	 1294	16 	 6 	 -126	-11 	 4 	 493
4.181804	-93 	 134 	 1286	14 	 4 	 -128	-11 	 2 	 501
4.190724	-69 	 142 	 1265	8 	 -1 	 -125	-11 	 2 	 501
4.199503	-86 	 135 	 1291	9 	 0 	 -119	-13 	 0 	 496
4.208371	-69 	 144 	 1279	11 	 6 	 -125	-10 	 -2 	 494
4.21743	-76 	 137 	 1258	15 	 3 	 -119	-12 	 2 	 504
4.226473	-87 	 141 	 1277	11 	 5 	 -128	-12 	 4 	 510
4.235517	-80 	 135 	 1295	12 	 9 	 -127	-11 	 4 	 510
4.244502	-80 	 146 	 1279	10 	 4 	 -125	-10 	 -2 	 497
4.253336	-74 	 131 	 1266	7 	 2 	 -122	-12 	 0 	 503
4.262183	-81 	 144 	 1285	0 	 -8 	 -121	-13 	 1 	 494
4.271002	-79 	 148 	 1266	6 	 5 	 -119	-13 	 3 	 494
4.279741	-73 	 147 	 1266	1 	 3 	 -123	-12 	 3 	 494
4.288857	-78 	 141 	 1279	3 	 2 	 -120	-13 	 4 	 494
4.297734	-71 	 139 	 1270	16 	 6 	 -127	-7 	 2 	 498
4.306507	-84 	 135 	 1252	6 	 9 	 -122	-11 	 -5 	 500
4.315554	-87 	 137 	 1270	11 	 8 	 -125	-11 	 0 	 484
4.324451	-69 	 140 	 1290	10 	 8 	 -124	-10 	 0 	 484
4.333272	-77 	 145 	 1280	6 	 6 	 -123	-12 	 1 	 494
4.342408	-77 	 140 	 1277	7 	 -2 	 -127	-13 	 3 	 485
4.351349	-86 	 140 	 1270	9 	 255 	 -124	-9 	 4 	 502
4.360267	-79 	 142 	 1529	16 	 7 	 -128	-9 	 -4 	 493
4.369521	-72 	 147 	 1271	16 	 2 	 -126	-14 	 -4 	 495
4.378593	-72 	 139 	 1286	6 	 -4 	 -123	-9 	 1 	 495
4.387517	-67 	 145 	 1251	13 	 8 	 -124	-9 	 2 	 501
4.396547	-84 	 151 	 1278	17 	 4 	 -118	-9 	 1 	 493
4.40532	-70 	 141 	 1264	1 	 6 	 -125	-11 	 -1 	 496
4.414193	-93 	 131 	 1270	8 	 2 	 -126	-11 	 -1 	 498
4.423072	-66 	 141 	 1294	4 	 -3 	 -125	-12 	 -4 	 498
4.431836	-83 	 143 	 1258	14 	 -1 	 -120	-11 	 0 	 491
4.440683	-73 	 141 	 1266	14 	 5 	 -128	-14 	 2 	 496
4.449759	-85 	 150 	 1296	3 	 4 	 -125	-11 	 0 	 490
4.458668	-71 	 142 	 1255	2 	 1 	 -121	-11 	 -256 	 498
4.467517	-80 	 142 	 1276	16 	 7 	 -123	-13 	 -1 	 498
4.476573	-69 	 147 	 1045	4 	 7 	 -130	-11 	 2 	 494
4.485398	-80 	 138 	 1269	14 	 3 	 -124	-13 	 1 	 498
4.494425	-78 	 141 	 1291	10 	 2 	 -121	-13 	 -1 	 497
4.503402	-71 	 138 	 1274	12 	 1 	 -122	-13 	 -1 	 497
4.512627	-65 	 140 	 1267	5 	 4 	 -133	-14 	 -1 	 497
4.521548	-77 	 144 	 1280	7 	 -6 	 -125	-13 	 0 	 493
4.530307	-73 	 125 	 1286	7 	 -8 	 -116	-12 	 1 	 489
4.539354	-71 	 145 	 1259	10 	 4 	 -124	-11 	 4 	 491
4.548161	-81 	 141 	 1292	9 	 -1 	 -125	-11 	 -3 	 496
4.557249	-78 	 138 	 1263	6 	 2 	 -124	-11 	 -3 	 496
4.566512	-65 	 146 	 1266	14 	 3 	 -128	-11 	 0 	 486
4.575472	-82 	 142 	 1280	5 	 5 	 -124	-11 	 1 	 496
4.584408	-85 	 133 	 1285	7 	 10 	 -128	-14 	 3 	 496
4.593469	-71 	 151 	 1534	7 	 3 	 -125	-14 	 -1 	 500
4.60231	-83 	 140 	 1257	6 	 2 	 -121	-10 	 -1 	 500
4.611366	-87 	 142 	 1287	14 	 2 	 -129	-11 	 -3 	 496
4.620361	-81 	 143 	 1280	5 	 -1 	 -125	-9 	 3 	 504
4.629321	-78 	 154 	 1271	3 	 0 	 -132	-11 	 2 	 495
4.638075	-74 	 137 	 1026	11 	 -1 	 -120	-11 	 -1 	 493
4.646979	-84 	 139 	 1282	12 	 9 	 -123	-12 	 -1 	 493
4.655899	-81 	 144 	 1260	15 	 4 	 -117	-11 	 -1 	 488
4.664845	-68 	 141 	 1253	10 	 1 	 -124	-12 	 -1 	 502
4.673897	-72 	 142 	 1268	9 	 -3 	 -126	-12 	 3 	 495
4.682687	-58 	 133 	 1259	12 	 3 	 -121	-12 	 1 	 507
4.691651	-78 	 151 	 1289	12 	 -2 	 -120	-13 	 1 	 507
4.70042	-89 	 136 	 1269	6 	 2 	 -125	-11 	 -1 	 497
4.709376	-80 	 144 	 1281	2 	 8 	 -124	-12 	 -2 	 487
4.718248	-83 	 149 	 1311	16 	 -3 	 -121	-12 	 -3 	 496
4.727052	-69 	 133 	 1263	9 	 251 	 -122	-12 	 0 	 499
4.736242	-79 	 146 	 1283	6 	 9 	 -127	-12 	 0 	 499
4.745107	-80 	 146 	 1263	10 	 5 	 -118	-9 	 -2 	 501
4.754047	-69 	 147 	 1283	10 	 1 	 -126	-11 	 -1 	 495
4.763072	-66 	 147 	 1248	9 	 3 	 -120	-10 	 -1 	 495
4.77188	-70 	 150 	 1291	9 	 2 	 -122	-17 	 1 	 496
4.78086	-83 	 135 	 1277	7 	 4 	 -119	-17 	 1 	 496
4.789846	-66 	 136 	 1284	17 	 3 	 -126	-14 	 1 	 492
4.798556	-69 	 142 	 1264	6 	 -1 	 -122	-12 	 -3 	 500
4.807562	-76 	 149 	 1271	10 	 1 	 -123	-12 	 -6 	 500
4.816463	-75 	 139 	 1287	10 	 -5 	 -128	-12 	 -1 	 495
4.825161	-95 	 136 	 1277	12 	 -4 	 -125	-12 	 -1 	 495
4.833957	-93 	 137 	 1292	13 	 3 	 -121	-10 	 1 	 494
4.843134	-73 	 144 	 1261	11 	 9 	 -122	-14 	 -2 	 493
4.85192	-71 	 138 	 1269	1 	 1 	 -125	-11 	 1 	 502
4.860761	-84 	 143 	 1240	4 	 3 	 -128	-11 	 0 	 497
4.869712	-64 	 142 	 1276	5 	 5 	 -131	-11 	 0 	 497
4.87866	-79 	 133 	 1270	4 	 -1 	 -126	-12 	 -2 	 496
4.887593	-73 	 128 	 1270	10 	 5 	 -122	-14 	 1 	 497
4.896795	-78 	 151 	 1280	7 	 3 	 -121	-10 	 0 	 501
4.905655	-85 	 136 	 1252	4 	 -5 	 -122	-13 	 -4 	 484
4.914533	-84 	 133 	 1279	6 	 7 	 -125	-13 	 -4 	 499
4.923405	-85 	 131 	 1289	11 	 1 	 -129	-11 	 -3 	 499
4.93233	-81 	 141 	 1262	9 	 4 	 -123	-13 	 -1 	 496
4.941313	-81 	 146 	 1289	6 	 0 	 -125	-14 	 6 	 489
4.950228	-67 	 148 	 1273	4 	 10 	 -123	-10 	 -3 	 496
4.959439	-83 	 145 	 1305	19 	 0 	 -121	-10 	 253 	 496
4.96813	-83 	 132 	 1288	11 	 6 	 -125	-10 	 2 	 496
4.977114	-66 	 142 	 1274	13 	 -2 	 -127	-10 	 -2 	 492
4.986099	-80 	 138 	 1289	10 	 1 	 -122	-10 	 -1 	 488
4.994979	-68 	 135 	 1277	11 	 0 	 -123	-11 	 1 	 492
5.004048	-73 	 131 	 1269	4 	 5 	 -123	-11 	 -255 	 501
5.013319	-78 	 135 	 1284	9 	 2 	 -118	-12 	 -4 	 501
5.022195	-80 	 145 	 1242	13 	 0 	 -121	-10 	 0 	 489
5.030993	-81 	 153 	 1271	13 	 -2 	 -121	-14 	 1 	 500
5.039833	-85 	 143 	 1289	9 	 0 	 -121	-14 	 -2 	 492
5.04888	-84 	 141 	 1276	7 	 5 	 -125	-14 	 -1 	 497
5.05781	-91 	 141 	 1266	9 	 -1 	 -125	-11 	 -1 	 497
5.066947	-88 	 142 	 1265	19 	 -2 	 -122	-10 	 -4 	 495
5.075867	-78 	 131 	 1270	13 	 4 	 -128	-13 	 -2 	 494
5.084803	-95 	 145 	 1266	7 	 4 	 -124	-12 	 3 	 495
5.09363	-77 	 135 	 1276	11 	 2 	 -130	-12 	 -2 	 497
5.102613	-85 	 140 	 1273	4 	 7 	 -126	-12 	 -2 	 497
5.111403	-71 	 141 	 1281	10 	 1 	 -125	-12 	 0 	 499
5.120223	-71 	 134 	 1297	9 	 -2 	 -120	-11 	 -5 	 494
5.129357	-80 	 147 	 1282	6 	 4 	 -123	-15 	 0 	 492
5.138097	-75 	 149 	 1270	12 	 3 	 -125	-15 	 1 	 504
5.146978	-84 	 142 	 1267	10 	 1 	 -126	-14 	 1 	 504
5.156023	-71 	 156 	 1272	16 	 6 	 -125	-13 	 2 	 497
5.164944	-82 	 135 	 1260	4 	 -1 	 -120	-11 	 -3 	 494
5.17388	-65 	 148 	 1281	7 	 0 	 -130	-14 	 2 	 493
5.183023	-59 	 139 	 1275	13 	 9 	 -121	-14 	 -1 	 507
5.191909	-69 	 138 	 1266	7 	 1 	 -130	-12 	 -1 	 507
5.200952	-84 	 144 	 1261	3 	 1 	 -125	-13 	 4 	 496
5.209812	-74 	 146 	 1260	13 	 3 	 -126	-11 	 0 	 500
5.219425	-85 	 133 	 1261	4 	 4 	 -125	-10 	 1 	 498
5.228363	-81 	 138 	 1275	8 	 5 	 -126	-14 	 -2 	 495
5.237904	-70 	 129 	 1297	8 	 7 	 -129	-14 	 -2 	 495
5.246781	-75 	 149 	 1263	7 	 0 	 -124	-11 	 -1 	 495
5.255828	-84 	 140 	 1266	7 	 2 	 -125	-11 	 -2 	 502
5.2646	-67 	 144 	 1273	8 	 -5 	 -118	-11 	 1 	 500
5.273648	-78 	 137 	 1267	5 	 0 	 -125	-14 	 0 	 494
5.282483	-63 	 134 	 1287	4 	 1 	 -129	-14 	 0 	 494
5.291286	-68 	 136 	 1280	7 	 1 	 -131	-17 	 4 	 494
5.300224	-75 	 151 	 1255	11 	 0 	 -129	-13 	 0 	 502
5.309127	-74 	 140 	 1282	9 	 -3 	 -125	-12 	 -2 	 494
5.317892	-74 	 134 	 1285	5 	 -2 	 -123	-9 	 1 	 502
5.326809	-72 	 143 	 1280	13 	 6 	 -124	-9 	 1 	 499
5.335753	-78 	 143 	 1278	7 	 4 	 -119	-13 	 3 	 499
5.344675	-69 	 157 	 1270	7 	 1 	 -121	-11 	 2 	 500
5.35394	-63 	 138 	 1260	6 	 -1 	 -127	-11 	 1 	 495
5.362786	-70 	 140 	 1263	13 	 1 	 -124	-13 	 6 	 497
5.371538	-75 	 130 	 1265	5 	 -3 	 -126	-13 	 -250 	 493
5.380489	-79 	 135 	 1277	7 	 8 	 -123	-11 	 -3 	 493
5.389403	-74 	 143 	 1032	11 	 5 	 -119	-12 	 2 	 495
5.398184	-79 	 143 	 1284	7 	 7 	 -121	-9 	 0 	 495
5.407279	-84 	 139 	 1287	10 	 0 	 -122	-11 	 0 	 490
5.416082	-74 	 142 	 1262	14 	 6 	 -118	-11 	 -256 	 502
5.424899	-89 	 138 	 1285	9 	 6 	 -126	-12 	 -3 	 502
5.433719	-82 	 136 	 1268	8 	 6 	 -125	-13 	 1 	 502
5.442741	-66 	 139 	 1277	8 	 1 	 -123	-15 	 1 	 492
5.451714	-86 	 148 	 1264	7 	 3 	 -123	-12 	 -1 	 494
5.460742	-70 	 149 	 1279	7 	 4 	 -125	-12 	 -2 	 499
5.469581	-70 	 143 	 1278	9 	 1 	 -127	-13 	 -2 	 499
5.478463	-69 	 138 	 1282	7 	 3 	 -122	-10 	 -2 	 498
5.487521	-75 	 143 	 1275	7 	 -1 	 -123	-13 	 1 	 497
5.496423	-81 	 139 	 1262	5 	 4 	 -120	-14 	 3 	 494
5.505094	-67 	 139 	 1285	11 	 8 	 -124	-14 	 -253 	 499
5.514377	-81 	 148 	 1276	11 	 -1 	 -125	-12 	 -2 	 499
5.523999	-70 	 145 	 1301	13 	 -4 	 -124	-13 	 0 	 500
5.532912	-68 	 137 	 1278	13 	 -4 	 -125	-10 	 0 	 499
5.541751	-83 	 139 	 1281	5 	 -3 	 -126	-13 	 2 	 495
5.550753	-62 	 134 	 1284	15 	 4 	 -128	-13 	 5 	 495
5.559658	-79 	 151 	 1283	12 	 3 	 -126	-13 	 5 	 495
5.568569	-75 	 146 	 1255	11 	 4 	 -125	-13 	 -4 	 495
5.577707	-79 	 150 	 1271	15 	 7 	 -123	-15 	 -1 	 497
5.586544	-81 	 154 	 1262	9 	 -2 	 -118	-15 	 2 	 490
5.595561	-76 	 149 	 1278	8 	 1 	 -125	-13 	 -3 	 500
5.604601	-79 	 146 	 1261	6 	 3 	 -120	-13 	 -3 	 500
5.613396	-74 	 145 	 1268	8 	 2 	 -130	-10 	 -3 	 494
5.622154	-86 	 144 	 1285	2 	 7 	 -127	-10 	 -2 	 501
5.631303	-86 	 146 	 1274	4 	 4 	 -124	-14 	 -1 	 502
5.640074	-71 	 144 	 1261	6 	 0 	 -120	-10 	 0 	 499
5.648757	-73 	 140 	 1266	14 	 8 	 -121	-10 	 0 	 499
5.657593	-90 	 136 	 1308	16 	 4 	 -124	-12 	 -1 	 497
5.666606	-74 	 145 	 1274	9 	 -1 	 -127	-12 	 4 	 494
5.675495	-84 	 137 	 1287	14 	 4 	 -122	-9 	 -3 	 499
5.684266	-69 	 137 	 1242	15 	 -4 	 -118	-13 	 -1 	 496
5.69302	-78 	 144 	 1261	11 	 5 	 -123	-13 	 -1 	 496
5.701997	-79 	 139 	 1275	8 	 -3 	 -123	-11 	 4 	 507
5.71093	-75 	 139 	 1285	13 	 -1 	 -123	-10 	 -4 	 495
5.719954	-81 	 135 	 1277	9 	 -1 	 -122	-9 	 -5 	 500
5.728811	-73 	 151 	 1282	4 	 -4 	 -122	-10 	 -2 	 498
5.737872	-67 	 145 	 1271	15 	 3 	 -123	-10 	 -2 	 498
5.746884	-76 	 138 	 1280	15 	 12 	 -129	-11 	 -2 	 496
5.755807	-72 	 152 	 1255	10 	 5 	 -126	-13 	 -2 	 496
5.764743	-83 	 138 	 1268	9 	 -1 	 -124	-11 	 -3 	 496
5.773699	-75 	 143 	 1304	11 	 -1 	 -125	-7 	 -1 	 491
5.782858	-72 	 145 	 1269	2 	 -1 	 -127	-7 	 -1 	 499
5.791786	-57 	 143 	 1291	6 	 -2 	 -124	-9 	 0 	 499
5.800597	-76 	 139 	 1531	9 	 7 	 -126	-14 	 2 	 499
5.80937	-74 	 141 	 1284	8 	 3 	 -124	-9 	 4 	 490
5.818363	-74 	 141 	 1282	7 	 9 	 -120	-13 	 -2 	 500
5.827167	-73 	 141 	 1272	4 	 10 	 -126	-13 	 -2 	 500
5.836075	-74 	 138 	 1260	14 	 2 	 -123	-9 	 -1 	 500
5.845046	-76 	 139 	 1029	13 	 2 	 -128	-13 	 1 	 494
5.854273	-74 	 142 	 1295	6 	 4 	 -125	-10 	 3 	 500
5.86327	-88 	 144 	 1282	15 	 4 	 -128	-7 	 1 	 492
5.872062	-75 	 135 	 1280	8 	 1 	 -124	-7 	 -255 	 495
5.881039	-84 	 142 	 1284	4 	 3 	 -128	-9 	 -3 	 495
5.890284	-76 	 136 	 1273	3 	 9 	 -128	-11 	 -4 	 498
5.899507	-65 	 151 	 1273	9 	 1 	 -123	-12 	 -1 	 494
5.909278	-71 	 147 	 1269	6 	 1 	 -131	-10 	 -6 	 498
5.918385	-70 	 136 	 1261	7 	 -2 	 -122	-9 	 -4 	 495
5.927267	-83 	 142 	 1257	3 	 -3 	 -128	-9 	 -4 	 496
5.936097	-70 	 142 	 1265	5 	 1 	 -125	-9 	 -4 	 499
5.94506	-73 	 149 	 1274	7 	 4 	 -125	-11 	 0 	 499
5.953821	-77 	 151 	 1284	10 	 -1 	 -128	-10 	 0 	 500
5.963006	-70 	 159 	 1250	15 	 6 	 -128	-12 	 2 	 497
5.971883	-72 	 134 	 1288	13 	 1 	 -123	-12 	 -3 	 494
5.980747	-68 	 137 	 1282	2 	 1 	 -124	-12 	 -3 	 493
5.989639	-76 	 151 	 1275	5 	 2 	 -124	-12 	 -1 	 493
5.998675	-78 	 144 	 1279	11 	 2 	 -125	-9 	 -1 	 498
6.007409	-71 	 137 	 1278	9 	 2 	 -128	-13 	 2 	 502
6.016407	-82 	 136 	 1274	6 	 -2 	 -119	-11 	 -4 	 502
6.025413	-88 	 136 	 1284	10 	 0 	 -123	-11 	 -4 	 497
6.034224	-73 	 141 	 1259	15 	 6 	 -128	-10 	 -4 	 497
6.04305	-74 	 145 	 1029	3 	 -2 	 -128	-12 	 -3 	 497
6.051829	-81 	 145 	 1270	16 	 8 	 -129	-7 	 4 	 487
6.060644	-69 	 136 	 1277	13 	 1 	 -123	-10 	 1 	 496
6.069483	-80 	 147 	 1266	12 	 1 	 -127	-10 	 1 	 491
6.07856	-70 	 142 	 1269	24 	 -2 	 -122	-11 	 -3 	 491
6.087475	-74 	 141 	 1257	3 	 -2 	 -125	-10 	 0 	 500
6.096403	-73 	 149 	 1288	13 	 8 	 -130	-12 	 -1 	 491
6.105353	-75 	 137 	 1255	11 	 1 	 -130	-11 	 1 	 493
6.114322	-75 	 142 	 1280	7 	 5 	 -122	-11 	 1 	 495
6.123162	-67 	 145 	 1291	7 	 2 	 -123	-9 	 -1 	 495
6.132334	-85 	 139 	 1267	3 	 1 	 -124	-9 	 -1 	 485
6.141258	-76 	 144 	 1265	18 	 0 	 -119	-12 	 -4 	 498
6.150169	-67 	 128 	 1270	15 	 6 	 -123	-11 	 0 	 497
6.159111	-52 	 147 	 1269	8 	 2 	 -127	-11 	 -256 	 493
6.167763	-72 	 135 	 1269	8 	 5 	 -127	-11 	 -3 	 493
6.176624	-70 	 147 	 1287	15 	 4 	 -124	-8 	 -2 	 489
6.185509	-72 	 140 	 1265	7 	 0 	 -122	-10 	 1 	 493
6.194565	-79 	 137 	 1280	3 	 -1 	 -119	-12 	 2 	 497
6.203428	-60 	 140 	 1274	8 	 3 	 -125	-12 	 2 	 492
6.212295	-83 	 133 	 1268	9 	 1 	 -125	-5 	 0 	 492
6.221283	-73 	 130 	 1265	17 	 -1 	 -122	-9 	 -1 	 491
6.23009	-87 	 147 	 1272	14 	 1 	 -126	-9 	 -3 	 493
6.238831	-71 	 145 	 1254	15 	 -1 	 -123	-10 	 0 	 496
6.247916	-69 	 135 	 1262	11 	 -1 	 -124	-10 	 0 	 493
6.256831	-73 	 127 	 1248	9 	 -1 	 -122	-10 	 2 	 493
6.265724	-89 	 143 	 1503	11 	 7 	 -121	-8 	 -1 	 491
6.274461	-70 	 140 	 1290	10 	 -3 	 -118	-12 	 0 	 486
6.283531	-72 	 142 	 1261	10 	 5 	 -130	-9 	 0 	 495
6.292435	-78 	 141 	 1283	17 	 7 	 -128	-9 	 -256 	 492
6.30164	-78 	 145 	 1268	19 	 9 	 -121	-12 	 -2 	 492
6.314029	-64 	 150 	 1268	4 	 -2 	 -125	-11 	 -2 	 502
6.32272	-73 	 141 	 1264	16 	 2 	 -122	-9 	 -3 	 493
6.331591	-67 	 129 	 1264	6 	 -5 	 -123	-8 	 -3 	 499
6.340475	-87 	 139 	 1279	8 	 -1 	 -125	-10 	 -3 	 490
6.349531	-87 	 139 	 1272	3 	 -2 	 -127	-10 	 -2 	 495
6.358372	-82 	 146 	 1273	8 	 -3 	 -123	-12 	 -2 	 495
6.367256	-73 	 135 	 1264	12 	 5 	 -126	-9 	 -3 	 497
6.376289	-68 	 147 	 1282	9 	 0 	 -128	-9 	 0 	 495
6.385	-84 	 146 	 1282	13 	 1 	 -123	-11 	 -5 	 497
6.393776	-80 	 134 	 1257	5 	 3 	 -125	-11 	 4 	 493
6.402634	-79 	 145 	 1293	4 	 3 	 -132	-11 	 4 	 493
6.411756	-82 	 132 	 1277	5 	 1 	 -129	-11 	 0 	 497
6.420633	-59 	 142 	 1286	13 	 11 	 -122	-8 	 0 	 493
6.429586	-60 	 144 	 1295	5 	 0 	 -116	-10 	 -1 	 495
6.438355	-75 	 140 	 1269	2 	 2 	 -119	-10 	 -3 	 493
6.447272	-76 	 148 	 1280	12 	 3 	 -124	-10 	 -3 	 493
6.456275	-59 	 141 	 1280	12 	 4 	 -124	-12 	 1 	 500
6.465339	-74 	 143 	 1272	12 	 1 	 -123	-10 	 1 	 497
6.474311	-73 	 143 	 1313	14 	 -2 	 -127	-11 	 -2 	 496
6.483284	-80 	 141 	 1246	3 	 1 	 -127	-10 	 -4 	 501
6.491919	-88 	 149 	 1267	10 	 0 	 -124	-10 	 -4 	 501
6.500795	-82 	 142 	 1265	11 	 4 	 -120	-10 	 0 	 492
6.509788	-70 	 139 	 1262	2 	 1 	 -127	-10 	 2 	 497
6.518662	-86 	 139 	 1267	5 	 5 	 -121	-11 	 2 	 495
6.527893	-88 	 139 	 1263	3 	 0 	 -124	-10 	 -1 	 497
6.536765	-69 	 139 	 1284	8 	 4 	 -121	-10 	 -1 	 495
6.545594	-72 	 141 	 1275	12 	 3 	 -128	-8 	 0 	 495
6.55443	-70 	 145 	 1274	12 	 3 	 -128	-11 	 -2 	 496
6.563329	-78 	 144 	 1277	12 	 5 	 -125	-9 	 -2 	 497
6.572191	-75 	 140 	 1284	10 	 7 	 -121	-11 	 5 	 496
6.581352	-73 	 146 	 1288	14 	 4 	 -124	-11 	 5 	 492
6.590376	-80 	 141 	 1264	15 	 5 	 -124	-9 	 -4 	 492
6.599097	-74 	 130 	 1272	8 	 5 	 -123	-10 	 -2 	 493
6.608005	-90 	 137 	 1264	2 	 2 	 -126	-12 	 3 	 494
6.616913	-79 	 129 	 1286	16 	 5 	 -122	-11 	 0 	 493
6.625824	-75 	 135 	 1270	8 	 3 	 -126	-11 	 0 	 497
6.63499	-77 	 144 	 1274	8 	 7 	 -131	-10 	 -1 	 497
6.643814	-76 	 145 	 1515	12 	 4 	 -124	-12 	 0 	 498
6.652799	-80 	 141 	 1281	5 	 2 	 -125	-14 	 2 	 504
6.661721	-82 	 143 	 1276	9 	 4 	 -122	-11 	 1 	 485
6.670595	-70 	 150 	 1270	16 	 2 	 -123	-11 	 -255 	 502
6.679414	-68 	 134 	 1272	8 	 1 	 -127	-11 	 -3 	 502
6.688544	-72 	 151 	 1270	9 	 1 	 -127	-10 	 -3 	 494
6.69752	-77 	 136 	 1269	9 	 -3 	 -126	-11 	 -4 	 499
6.706384	-68 	 134 	 1279	10 	 4 	 -127	-11 	 5 	 491
6.715208	-72 	 146 	 1250	18 	 9 	 -128	-11 	 -251 	 497
6.724117	-66 	 143 	 1302	6 	 2 	 -123	-11 	 -2 	 497
6.732847	-89 	 141 	 1249	9 	 4 	 -126	-10 	 -3 	 496
6.741748	-79 	 153 	 1291	16 	 7 	 -125	-13 	 -1 	 497
6.750757	-71 	 135 	 1266	6 	 -1 	 -124	-9 	 1 	 490
6.759548	-83 	 137 	 1252	13 	 3 	 -119	-9 	 1 	 490
6.768654	-71 	 150 	 1308	8 	 2 	 -125	-8 	 1 	 490
6.777552	-74 	 145 	 1284	8 	 -1 	 -123	-8 	 -3 	 489
6.786419	-73 	 157 	 1282	11 	 -2 	 -121	-11 	 -5 	 494
6.795273	-66 	 138 	 1300	15 	 5 	 -124	-12 	 2 	 496
6.804236	-95 	 138 	 1262	11 	 1 	 -124	-12 	 2 	 486
6.813021	-64 	 146 	 1268	12 	 10 	 -127	-9 	 2 	 486
6.821709	-80 	 140 	 1275	9 	 4 	 -123	-11 	 1 	 493
6.830798	-74 	 149 	 1267	3 	 -2 	 -122	-12 	 -1 	 495
6.839821	-86 	 142 	 1274	13 	 8 	 -131	-10 	 -1 	 505
6.848677	-81 	 142 	 1264	10 	 2 	 -122	-10 	 -1 	 496
6.857813	-83 	 140 	 1262	11 	 1 	 -121	-12 	 -3 	 496
6.866666	-67 	 137 	 1288	11 	 7 	 -125	-9 	 2 	 496
6.875348	-72 	 146 	 1281	1 	 -3 	 -123	-10 	 0 	 492
6.884221	-84 	 130 	 1264	14 	 8 	 -123	-12 	 -4 	 497
6.893193	-75 	 144 	 1293	10 	 7 	 -126	-12 	 -4 	 494
6.901925	-66 	 146 	 1272	7 	 1 	 -123	-11 	 -4 	 494
6.910791	-70 	 144 	 1273	11 	 2 	 -126	-11 	 1 	 494
6.919898	-74 	 143 	 1276	10 	 -1 	 -125	-15 	 -1 	 505
6.928763	-69 	 145 	 1268	15 	 5 	 -122	-10 	 3 	 498
6.937588	-75 	 129 	 1271	7 	 4 	 -130	-10 	 -253 	 487
6.946556	-75 	 139 	 1293	14 	 9 	 -120	-10 	 -1 	 487
6.955394	-78 	 143 	 1256	10 	 6 	 -118	-13 	 -2 	 501
6.964218	-91 	 146 	 1275	13 	 3 	 -123	-10 	 -2 	 502
6.973362	-75 	 144 	 1270	17 	 5 	 -126	-9 	 -2 	 492
6.982225	-85 	 134 	 1263	8 	 5 	 -130	-9 	 -2 	 494
6.990983	-79 	 141 	 1275	11 	 3 	 -127	-13 	 -2 	 494
6.999908	-77 	 151 	 1252	7 	 -4 	 -125	-11 	 -2 	 497
7.008794	-69 	 132 	 1266	8 	 4 	 -126	-9 	 0 	 496
7.017667	-74 	 145 	 1274	13 	 6 	 -122	-11 	 -3 	 495
7.026721	-63 	 144 	 1281	11 	 -1 	 -121	-11 	 253 	 496
7.035612	-62 	 155 	 1266	16 	 4 	 -128	-10 	 0 	 496
7.044572	-86 	 132 	 1252	8 	 -4 	 -122	-14 	 -4 	 496
7.053579	-75 	 149 	 1251	3 	 -3 	 -118	-13 	 -2 	 501
7.062372	-78 	 142 	 1289	20 	 11 	 -124	-11 	 1 	 499
7.071446	-77 	 142 	 1265	19 	 6 	 -126	-11 	 -2 	 492
7.08064	-86 	 129 	 1257	8 	 -3 	 -122	-11 	 -2 	 492
7.089565	-70 	 146 	 1264	9 	 2 	 -127	-11 	 -1 	 494
7.098487	-71 	 148 	 1294	8 	 0 	 -124	-8 	 -2 	 503
7.107386	-73 	 148 	 1270	7 	 0 	 -125	-10 	 3 	 503
7.116418	-70 	 146 	 1284	6 	 2 	 -125	-10 	 0 	 492
7.12524	-74 	 141 	 1258	5 	 5 	 -126	-14 	 0 	 492
7.134284	-75 	 132 	 1290	10 	 4 	 -124	-9 	 0 	 495
7.143203	-83 	 154 	 1285	10 	 1 	 -124	-12 	 -2 	 492
7.151981	-76 	 138 	 1276	9 	 -1 	 -125	-10 	 -2 	 508
7.160892	-71 	 137 	 1259	8 	 5 	 -123	-10 	 -2 	 498
7.169912	-64 	 143 	 1273	16 	 0 	 -117	-10 	 -2 	 498
7.178724	-81 	 138 	 1254	11 	 5 	 -123	-10 	 1 	 495
7.18752	-85 	 150 	 1273	12 	 4 	 -123	-9 	 -3 	 503
7.19673	-82 	 141 	 1269	6 	 -1 	 -120	-7 	 -2 	 497
7.205495	-77 	 138 	 1261	15 	 4 	 -120	-7 	 -1 	 487
7.21424	-73 	 149 	 1292	21 	 4 	 -127	-8 	 -1 	 487
7.223204	-73 	 141 	 1271	5 	 1 	 -122	-11 	 0 	 502
7.232092	-73 	 137 	 1270	6 	 6 	 -128	-8 	 -4 	 496
7.240995	-68 	 132 	 1295	8 	 4 	 -127	-11 	 -2 	 494
7.250215	-68 	 139 	 1521	8 	 2 	 -121	-11 	 0 	 498
7.259005	-70 	 148 	 1267	18 	 7 	 -121	-13 	 0 	 498
7.268199	-87 	 141 	 1259	4 	 7 	 -123	-9 	 0 	 505
7.277127	-55 	 136 	 1270	3 	 3 	 -121	-8 	 -4 	 496
7.285774	-86 	 153 	 1271	14 	 5 	 -127	-7 	 -4 	 505
7.294657	-81 	 144 	 1026	3 	 -1 	 -123	-7 	 -4 	 493
7.303576	-65 	 148 	 1265	15 	 1 	 -126	-9 	 -4 	 493
7.312661	-81 	 149 	 1275	18 	 8 	 -119	-13 	 0 	 497
7.321524	-83 	 145 	 1284	7 	 2 	 -126	-10 	 -2 	 508
7.330414	-67 	 132 	 1271	6 	 6 	 -126	-8 	 -5 	 492
7.339229	-87 	 142 	 1292	7 	 8 	 -130	-9 	 -3 	 494
7.348095	-66 	 140 	 1279	7 	 2 	 -118	-9 	 -3 	 494
7.357004	-68 	 148 	 1276	12 	 13 	 -126	-6 	 -2 	 501
7.366112	-87 	 149 	 1278	11 	 2 	 -120	-10 	 -1 	 491
7.375018	-65 	 148 	 1276	13 	 5 	 -123	-9 	 -2 	 493
7.383969	-67 	 141 	 1278	9 	 5 	 -122	-7 	 -2 	 496
7.392978	-74 	 136 	 1280	3 	 2 	 -127	-7 	 -2 	 496
7.401736	-79 	 145 	 1277	0 	 0 	 -123	-9 	 -3 	 493
7.412423	-74 	 147 	 1280	18 	 3 	 -127	-10 	 -4 	 499
7.421154	-65 	 150 	 1266	8 	 2 	 -122	-8 	 -1 	 493
7.429959	-69 	 137 	 1283	12 	 6 	 -122	-8 	 -2 	 497
7.438775	-68 	 141 	 1269	11 	 2 	 -128	-8 	 -2 	 492
7.447712	-87 	 148 	 1274	5 	 -1 	 -130	-8 	 -2 	 492
7.456603	-78 	 146 	 1285	12 	 4 	 -121	-12 	 -2 	 492
7.465578	-89 	 140 	 1252	11 	 5 	 -128	-13 	 2 	 497
7.474623	-85 	 148 	 1281	8 	 2 	 -121	-9 	 0 	 496
7.483422	-69 	 141 	 1524	15 	 5 	 -121	-9 	 -7 	 500
7.492446	-72 	 141 	 1269	10 	 -2 	 -123	-8 	 -7 	 500
7.50143	-72 	 140 	 1268	9 	 2 	 -127	-8 	 -5 	 497
7.510359	-61 	 152 	 1305	11 	 6 	 -125	-11 	 -3 	 504
7.519392	-95 	 134 	 1259	1 	 -254 	 -128	-7 	 -1 	 497
7.528373	-76 	 136 	 1519	15 	 1 	 -122	-7 	 -2 	 497
7.537422	-74 	 142 	 1294	19 	 6 	 -126	-7 	 -2 	 497
7.546328	-75 	 134 	 1268	8 	 4 	 -125	-8 	 -8 	 492
7.555068	-67 	 148 	 1278	11 	 7 	 -124	-9 	 -2 	 496
7.56401	-71 	 147 	 1268	12 	 6 	 -119	-8 	 1 	 504
7.572872	-78 	 135 	 1028	7 	 0 	 -125	-8 	 1 	 504
7.581521	-70 	 134 	 1274	10 	 4 	 -121	-9 	 1 	 504
7.590954	-83 	 143 	 1283	10 	 7 	 -126	-8 	 -3 	 491
7.599969	-82 	 142 	 1271	8 	 5 	 -122	-8 	 -5 	 494
7.608855	-73 	 155 	 1294	3 	 -3 	 -126	-8 	 1 	 491
7.617839	-77 	 138 	 1259	3 	 -3 	 -124	-8 	 -3 	 503
7.626921	-71 	 142 	 1285	5 	 0 	 -124	-8 	 -3 	 502
7.635766	-90 	 154 	 1276	10 	 3 	 -125	-7 	 -2 	 502
7.644772	-80 	 146 	 1262	7 	 2 	 -125	-9 	 -2 	 503
7.653674	-74 	 141 	 1278	14 	 2 	 -125	-7 	 -3 	 504
7.662616	-75 	 156 	 1285	16 	 4 	 -124	-7 	 -2 	 493
7.671642	-81 	 140 	 1270	11 	 4 	 -123	-7 	 -2 	 503
7.680588	-91 	 136 	 1284	11 	 -2 	 -124	-7 	 -3 	 503
7.689511	-73 	 147 	 1028	14 	 -1 	 -119	-5 	 -4 	 495
7.698192	-62 	 143 	 1249	4 	 2 	 -125	-7 	 -1 	 502
7.707072	-76 	 150 	 1287	5 	 3 	 -122	-9 	 -4 	 496
7.71592	-92 	 147 	 1266	7 	 3 	 -120	-9 	 -4 	 487
7.724741	-81 	 142 	 1270	10 	 8 	 -118	-10 	 -1 	 487
7.733791	-76 	 138 	 1531	13 	 -2 	 -123	-8 	 -8 	 498
7.742762	-84 	 143 	 1274	10 	 0 	 -119	-8 	 -6 	 498
7.751583	-65 	 147 	 1279	9 	 4 	 -128	-7 	 -5 	 493
7.760572	-69 	 137 	 1281	17 	 8 	 -123	-7 	 -5 	 493
7.769471	-68 	 147 	 1260	9 	 0 	 -123	-9 	 -4 	 493
7.778375	-76 	 144 	 1511	4 	 3 	 -122	-7 	 -3 	 503
7.78738	-77 	 150 	 1282	8 	 2 	 -120	-7 	 -7 	 498
7.796267	-67 	 134 	 1263	0 	 1 	 -121	-6 	 -4 	 501
7.805037	-75 	 143 	 1287	16 	 7 	 -123	-6 	 -4 	 504
7.81409	-82 	 142 	 1263	14 	 3 	 -127	-8 	 -5 	 504
7.822924	-73 	 138 	 1283	10 	 8 	 -129	-6 	 -4 	 502
7.83178	-69 	 152 	 1274	11 	 6 	 -127	-6 	 -3 	 500
7.840748	-71 	 134 	 1276	1 	 3 	 -128	-5 	 -3 	 497
7.849551	-79 	 143 	 1239	0 	 5 	 -127	-5 	 -3 	 501
7.85818	-90 	 128 	 1300	8 	 2 	 -124	-5 	 -6 	 501
7.867266	-83 	 133 	 1030	9 	 4 	 -121	-6 	 -3 	 496
7.876162	-79 	 138 	 1258	12 	 1 	 -130	-9 	 -6 	 502
7.885001	-75 	 145 	 1276	7 	 7 	 -126	-5 	 1 	 490
7.893711	-81 	 152 	 1272	4 	 8 	 -121	-5 	 1 	 492
7.902518	-70 	 150 	 1273	7 	 10 	 -126	-6 	 -4 	 492
7.911502	-77 	 136 	 1030	1 	 1 	 -125	-7 	 -3 	 497
7.920594	-65 	 147 	 1252	8 	 3 	 -127	-7 	 -1 	 504
7.929523	-73 	 144 	 1292	12 	 1 	 -127	-9 	 -4 	 501
7.938521	-80 	 146 	 1264	11 	 -1 	 -121	-9 	 -4 	 498
7.947724	-75 	 140 	 1257	6 	 5 	 -123	-7 	 -7 	 498
7.956617	-80 	 138 	 1267	8 	 -1 	 -128	-6 	 -5 	 497
7.965292	-71 	 140 	 1254	1 	 -4 	 -125	-5 	 -2 	 495
7.974249	-84 	 142 	 1271	15 	 2 	 -126	-6 	 -5 	 497
7.983354	-71 	 144 	 1290	8 	 0 	 -126	-6 	 -5 	 501
7.992155	-71 	 148 	 1256	4 	 0 	 -124	-6 	 -2 	 501
8.000861	-74 	 132 	 1266	9 	 7 	 -131	-5 	 -3 	 496
8.009775	-80 	 142 	 1312	9 	 4 	 -127	-8 	 -6 	 498
8.018766	-82 	 144 	 1257	7 	 2 	 -127	-9 	 -3 	 497
8.027582	-72 	 142 	 1270	12 	 4 	 -124	-9 	 253 	 503
8.036856	-88 	 146 	 1272	5 	 -252 	 -122	-5 	 0 	 503
8.045734	-88 	 147 	 1282	9 	 5 	 -123	-6 	 -7 	 494
8.054575	-62 	 147 	 1286	12 	 7 	 -126	-6 	 -6 	 493
8.063554	-71 	 131 	 1258	12 	 -2 	 -124	-8 	 -6 	 500
8.072522	-86 	 133 	 1287	10 	 7 	 -122	-8 	 -3 	 500
8.081458	-85 	 142 	 1265	10 	 6 	 -123	-6 	 -3 	 500
8.090518	-76 	 140 	 1285	3 	 3 	 -121	-9 	 -4 	 499
8.099477	-76 	 142 	 1273	12 	 5 	 -120	-6 	 -7 	 503
8.108417	-80 	 140 	 1285	9 	 -1 	 -123	-7 	 -3 	 500
8.117352	-74 	 139 	 1253	4 	 1 	 -127	-7 	 -7 	 506
8.12627	-85 	 137 	 1258	10 	 7 	 -123	-5 	 -7 	 506
8.135093	-74 	 151 	 1245	1 	 5 	 -125	-6 	 -2 	 500
8.144049	-72 	 130 	 1262	5 	 3 	 -129	-4 	 -1 	 495
8.153335	-72 	 134 	 1306	7 	 4 	 -126	-4 	 -6 	 500
8.162177	-79 	 145 	 1271	4 	 5 	 -123	-4 	 -1 	 497
8.171184	-76 	 142 	 1279	9 	 7 	 -128	-7 	 -1 	 497
8.18026	-76 	 149 	 1281	3 	 5 	 -125	-6 	 -5 	 497
8.189084	-71 	 137 	 1279	2 	 9 	 -124	-5 	 -2 	 498
8.197999	-76 	 148 	 1277	9 	 5 	 -126	-4 	 -2 	 498
8.207159	-64 	 152 	 1532	20 	 4 	 -126	-4 	 -3 	 496
8.216101	-80 	 141 	 1252	12 	 5 	 -124	-9 	 -3 	 496
8.225074	-77 	 143 	 1266	11 	 2 	 -124	-5 	 -5 	 494
8.234023	-91 	 143 	 1259	8 	 -1 	 -129	-6 	 -2 	 497
8.242836	-77 	 153 	 1268	8 	 2 	 -128	-8 	 -4 	 491
8.251798	-73 	 139 	 1249	8 	 -3 	 -120	-8 	 -5 	 504
8.260673	-79 	 142 	 1279	15 	 2 	 -125	-8 	 -5 	 504
8.269712	-86 	 140 	 1264	12 	 -2 	 -125	-5 	 -4 	 497
8.278549	-101 	 145 	 1274	12 	 2 	 -129	-6 	 -5 	 499
8.287325	-71 	 151 	 1267	14 	 2 	 -123	-3 	 -3 	 497
8.296191	-77 	 147 	 1277	9 	 5 	 -125	-4 	 -4 	 499
8.305183	-82 	 128 	 1253	12 	 -2 	 -122	-4 	 -4 	 499
8.314307	-87 	 146 	 1268	16 	 -1 	 -125	-8 	 -5 	 507
8.323228	-79 	 137 	 1251	5 	 4 	 -124	-8 	 -2 	 495
8.33204	-69 	 140 	 1306	10 	 4 	 -126	-7 	 -2 	 502
8.340898	-77 	 148 	 1258	11 	 1 	 -127	-1 	 -2 	 500
8.34988	-83 	 139 	 1287	3 	 6 	 -126	-1 	 -2 	 504
8.358746	-71 	 139 	 1278	7 	 4 	 -123	-6 	 -3 	 504
8.367752	-86 	 141 	 1256	13 	 3 	 -124	-8 	 -8 	 497
8.376708	-80 	 151 	 1253	11 	 3 	 -128	-6 	 -6 	 497
8.385567	-51 	 143 	 1296	5 	 2 	 -124	-7 	 -1 	 498
8.394577	-91 	 151 	 1268	6 	 5 	 -120	-7 	 -1 	 496
8.403419	-77 	 141 	 1270	10 	 2 	 -127	-9 	 -5 	 496
8.412715	-68 	 148 	 1534	11 	 2 	 -127	-6 	 -7 	 498
8.421601	-81 	 144 	 1269	10 	 0 	 -122	-7 	 -2 	 498
8.430671	-73 	 140 	 1268	17 	 7 	 -121	-5 	 -5 	 499
8.43974	-69 	 142 	 1271	5 	 -3 	 -127	-5 	 -5 	 496
8.448643	-65 	 153 	 1277	11 	 -3 	 -126	-6 	 -9 	 496
8.457597	-70 	 142 	 1259	10 	 -2 	 -126	-6 	 -6 	 497
8.466506	-75 	 145 	 1286	7 	 2 	 -128	-3 	 -4 	 502
8.475454	-76 	 140 	 1270	7 	 6 	 -123	-6 	 -1 	 500
8.484651	-54 	 133 	 1261	14 	 -250 	 -120	-6 	 -7 	 499
8.493425	-78 	 142 	 1257	12 	 0 	 -125	-5 	 -7 	 499
8.502815	-69 	 137 	 1291	1 	 8 	 -125	-4 	 -5 	 497
8.511694	-84 	 137 	 1250	10 	 2 	 -124	-7 	 -3 	 493
8.520592	-69 	 144 	 1280	12 	 -3 	 -122	-5 	 -8 	 492
8.529352	-73 	 144 	 1280	16 	 4 	 -122	-5 	 -4 	 504
8.53829	-67 	 139 	 1283	10 	 0 	 -123	-6 	 -4 	 504
8.547173	-59 	 143 	 1282	13 	 7 	 -127	-4 	 -6 	 499
8.556071	-97 	 130 	 1262	9 	 -4 	 -125	-6 	 -2 	 500
8.565016	-77 	 131 	 1276	11 	 4 	 -125	-3 	 -5 	 497
8.573803	-81 	 139 	 1268	16 	 8 	 -122	-3 	 -1 	 499
8.582768	-78 	 157 	 1267	16 	 4 	 -123	-6 	 -1 	 499
8.591557	-79 	 131 	 1277	5 	 2 	 -125	-5 	 -3 	 494
8.600718	-69 	 139 	 1248	13 	 3 	 -126	-5 	 -1 	 497
8.609628	-74 	 138 	 1275	7 	 1 	 -119	-6 	 -4 	 500
8.618477	-86 	 139 	 1516	13 	 1 	 -124	-6 	 -3 	 499
8.627292	-82 	 143 	 1274	6 	 3 	 -130	-8 	 -3 	 499
8.636403	-73 	 133 	 1259	3 	 1 	 -126	-4 	 -1 	 500
8.645281	-77 	 137 	 1278	7 	 3 	 -131	-7 	 -2 	 496
8.654315	-87 	 137 	 1283	8 	 -1 	 -127	-8 	 -8 	 492
8.663322	-65 	 155 	 1257	4 	 4 	 -121	-8 	 -5 	 494
8.672127	-75 	 148 	 1276	7 	 1 	 -123	-4 	 -5 	 494
8.681222	-72 	 142 	 1277	5 	 -3 	 -126	-7 	 -6 	 497
8.690115	-84 	 152 	 1244	13 	 2 	 -120	-6 	 1 	 493
8.69899	-68 	 138 	 1283	2 	 2 	 -128	-6 	 -6 	 495
8.708022	-82 	 137 	 1305	6 	 3 	 -127	-6 	 -5 	 492
8.716927	-92 	 141 	 1283	10 	 5 	 -123	-6 	 -5 	 492
8.725952	-82 	 143 	 1289	2 	 1 	 -122	-3 	 -6 	 485
8.734928	-68 	 136 	 1274	12 	 6 	 -127	-7 	 -2 	 487
8.743592	-85 	 146 	 1262	14 	 3 	 -122	-4 	 -3 	 493
8.752332	-72 	 141 	 1255	10 	 -3 	 -122	-4 	 -5 	 493
8.761243	-89 	 144 	 1282	8 	 3 	 -123	-5 	 -5 	 493
8.770299	-79 	 138 	 1281	14 	 2 	 -127	-7 	 -5 	 498
8.779149	-78 	 140 	 1293	15 	 5 	 -125	-8 	 -6 	 499
8.787964	-77 	 144 	 1281	11 	 -5 	 -121	-8 	 -2 	 509
8.796762	-74 	 144 	 1264	9 	 6 	 -136	-8 	 -5 	 494
8.805727	-84 	 139 	 1281	6 	 6 	 -128	-4 	 -5 	 494
8.814528	-81 	 136 	 1269	7 	 1 	 -126	-8 	 -4 	 514
8.8234	-70 	 146 	 1266	16 	 6 	 -127	-6 	 -3 	 496
8.832392	-71 	 137 	 1273	15 	 -1 	 -120	-5 	 -3 	 496
8.841271	-70 	 147 	 1267	10 	 3 	 -123	-5 	 -4 	 487
8.850111	-66 	 148 	 1267	8 	 6 	 -124	-2 	 -4 	 487
8.859146	-72 	 139 	 1274	11 	 10 	 -126	-5 	 -1 	 496
8.868028	-71 	 139 	 1275	11 	 3 	 -124	-6 	 -5 	 501
8.877309	-73 	 145 	 1286	11 	 3 	 -130	-8 	 -2 	 503
8.886219	-76 	 135 	 1284	4 	 -6 	 -126	-6 	 -1 	 495
8.895155	-84 	 143 	 1282	6 	 12 	 -131	-6 	 -1 	 495
8.904088	-75 	 141 	 1258	8 	 -3 	 -124	-8 	 -6 	 494
8.912941	-79 	 152 	 1287	5 	 -1 	 -126	-4 	 -6 	 494
8.921818	-80 	 136 	 1269	18 	 1 	 -129	-7 	 -2 	 505
8.930612	-66 	 139 	 1282	13 	 2 	 -129	-6 	 -3 	 497
8.939652	-71 	 140 	 1282	5 	 2 	 -125	-6 	 -3 	 500
8.948587	-75 	 128 	 1291	9 	 5 	 -129	-9 	 -4 	 500
8.9578	-84 	 135 	 1269	10 	 -1 	 -127	-7 	 -4 	 492
8.966609	-70 	 143 	 1266	7 	 -3 	 -125	-8 	 -3 	 504
8.975364	-83 	 141 	 1287	6 	 4 	 -132	-8 	 0 	 503
8.98429	-74 	 139 	 1273	7 	 254 	 -124	-8 	 0 	 498
8.993265	-51 	 153 	 1250	10 	 5 	 -127	-11 	 0 	 498
9.00213	-82 	 143 	 1286	8 	 7 	 -127	-8 	 -4 	 499
9.010896	-78 	 141 	 1281	11 	 1 	 -122	-5 	 -2 	 501
9.019974	-83 	 141 	 1265	12 	 3 	 -125	-6 	 -5 	 491
9.02893	-74 	 147 	 1272	18 	 1 	 -127	-6 	 -5 	 497
9.037896	-79 	 141 	 1263	14 	 2 	 -125	-10 	 -3 	 497
9.046951	-64 	 140 	 1260	11 	 4 	 -128	-10 	 -3 	 492
9.056005	-66 	 151 	 1269	14 	 9 	 -127	-7 	 -5 	 501
9.064829	-75 	 126 	 1265	3 	 1 	 -123	-8 	 -4 	 494
9.073718	-77 	 137 	 1277	18 	 5 	 -125	-8 	 -4 	 489
9.082698	-63 	 137 	 1263	13 	 -3 	 -125	-7 	 -6 	 489
9.091483	-81 	 141 	 1254	11 	 6 	 -127	-6 	 -2 	 495
9.100372	-85 	 154 	 1286	10 	 2 	 -127	-7 	 -1 	 502
9.109265	-83 	 147 	 1254	4 	 -5 	 -124	-8 	 -5 	 492
9.118048	-83 	 131 	 1252	7 	 5 	 -125	-8 	 -5 	 494
9.12701	-72 	 144 	 1281	8 	 5 	 -125	-8 	 -3 	 494
9.135859	-70 	 146 	 1263	12 	 5 	 -124	-8 	 -2 	 504
9.144902	-74 	 132 	 1265	8 	 3 	 -125	-8 	 -3 	 487
9.154078	-81 	 134 	 1284	8 	 5 	 -125	-7 	 -3 	 500
9.162998	-75 	 137 	 1276	9 	 2 	 -120	-7 	 -7 	 495
9.171878	-84 	 138 	 1273	10 	 2 	 -128	-9 	 -7 	 495
9.180702	-79 	 136 	 1286	7 	 -3 	 -120	-8 	 -2 	 496
9.189776	-70 	 137 	 1261	5 	 -1 	 -124	-6 	 -4 	 496
9.198575	-72 	 129 	 1281	19 	 11 	 -123	-8 	 -2 	 493
9.20746	-74 	 153 	 1292	12 	 -2 	 -120	-8 	 -6 	 499
9.21652	-70 	 134 	 1245	9 	 9 	 -121	-8 	 -6 	 499
9.225434	-67 	 150 	 1289	20 	 7 	 -122	-11 	 0 	 497
9.234384	-65 	 134 	 1286	13 	 4 	 -124	-9 	 -3 	 501
9.243396	-93 	 153 	 1248	10 	 6 	 -121	-11 	 -1 	 500
9.252296	-81 	 142 	 1532	10 	 2 	 -121	-11 	 -4 	 493
9.261207	-74 	 143 	 1278	11 	 2 	 -125	-6 	 -4 	 493
9.270169	-73 	 142 	 1283	18 	 7 	 -124	-5 	 -4 	 495
9.278988	-89 	 145 	 1288	16 	 2 	 -121	-12 	 -1 	 496
9.287723	-73 	 129 	 1267	5 	 0 	 -121	-12 	 -2 	 504
9.296755	-69 	 138 	 1285	4 	 -3 	 -124	-12 	 -4 	 492
9.305564	-78 	 149 	 1291	11 	 2 	 -128	-8 	 -4 	 492
9.31481	-73 	 142 	 1270	8 	 1 	 -124	-8 	 -5 	 497
9.323705	-82 	 127 	 1273	8 	 1 	 -124	-10 	 -6 	 494
9.332447	-81 	 132 	 1257	7 	 1 	 -125	-9 	 -1 	 495
9.341225	-68 	 138 	 1523	4 	 7 	 -128	-9 	 -4 	 496
9.350176	-71 	 152 	 1300	11 	 0 	 -130	-5 	 -4 	 496
9.359214	-91 	 147 	 1258	5 	 -2 	 -126	-11 	 -5 	 488
9.368261	-86 	 141 	 1291	10 	 11 	 -124	-8 	 -5 	 496
9.377113	-82 	 131 	 1239	14 	 8 	 -122	-7 	 -4 	 498
9.386212	-93 	 148 	 1268	8 	 3 	 -129	-7 	 -4 	 496
9.395247	-74 	 135 	 1256	13 	 5 	 -124	-9 	 -4 	 496
9.404064	-72 	 131 	 1276	7 	 4 	 -128	-9 	 -1 	 508
9.41311	-79 	 138 	 1275	14 	 2 	 -124	-7 	 1 	 499
